  6.2831853071795862 
  2.0007345725284851 
 -0.0153603667053664 
  0.1836370022844441 
  0.0380142478585936 
  0.0557069170222719 
  2.0171077152716848 
 -0.0007824952452026 
  0.1400272932418325 
 -0.0114110920569325 
  0.0458174335374511 
  1.9814693670845742 
 -0.0496747185009403 
 -0.0993084381366089 
  0.0246520054871719 
  0.0376021993014726 
  1.9690802780207868 
 -0.0293804058452544 
 -0.0758582658100865 
  0.0552717639807775 
  0.0077010534585272 
  2.0220599901684526 
 -0.0048720748941299 
 -0.0275775541181187 
 -0.2011246427424279 
  0.0535119094935139 
  2.0388354640400652 
 -0.0291454897989145 
 -0.0849032367104570 
 -0.1681706315877208 
  0.0135984695755835 
