  6.2831853071795862 
  2.1090518951596833 
  0.1285896702430172 
  0.0586763715598715 
 -0.0122550142747208 
 -0.1539094797977779 
  2.0982062922024882 
  0.1505379678788466 
  0.0616046098198447 
 -0.0824991872810090 
 -0.0898235042427938 
  2.0566332832861836 
 -0.1465867603763591 
  0.0436389350004046 
 -0.0458792624367269 
  0.1292520170961538 
  2.0375504781745755 
 -0.1519391108411499 
  0.0446329932733283 
 -0.0296938573638099 
  0.1526611551510834 
  2.0409443821648834 
  0.0329425314863662 
  0.0270075752435060 
 -0.2465000854041821 
  0.0676989454962347 
  2.0086620552308876 
 -0.0305814929291204 
  0.0013198176023416 
 -0.2223678522863602 
  0.1513792469230767 
