  6.2831853071795862 
  2.0692368666930179 
  0.0797214998090463 
  0.1867216346108445 
 -0.0120041347631999 
  0.1303938692479030 
  2.0500419215189996 
  0.0705260538499554 
  0.2306663213202070 
 -0.0096549564945391 
  0.1215613912726850 
  2.1146007930831696 
  0.0291433371327059 
 -0.0065727796762412 
  0.1322523815210817 
  0.1247251978026190 
  2.1075038891028246 
 -0.0129462191166882 
 -0.0033153818001888 
  0.1965008511760107 
  0.1431647861781278 
  2.0195615552231132 
  0.1037505185888887 
  0.0801615795483923 
 -0.1545105197198313 
 -0.0024972697074357 
  2.0282700309960484 
  0.0859581376395238 
  0.0601876829881540 
 -0.1071471613167779 
  0.0272505449490137 
