  6.2831853071795862 
  2.2792017990369140 
  0.1617291475796343 
  0.0886832531009647 
 -0.0627875256751383 
 -0.3069086139018553 
  2.2704443546333328 
  0.1082537244476745 
  0.0927189720416720 
 -0.0958401381292071 
 -0.2458184073394819 
  2.2386166106205638 
  0.1937175637791212 
 -0.0358166228215219 
 -0.0283607075230616 
  0.0726874617423735 
  2.2664199030598549 
  0.2016562800995908 
 -0.0521598903992120 
 -0.0787118958981701 
  0.0005622874067257 
  2.1410709677232189 
 -0.2562506290522359 
  0.0664756226526063 
  0.1189101562866086 
  0.0775616216907122 
  2.1296011329628497 
 -0.2553797046800357 
  0.0524746665080062 
  0.0955004607231397 
  0.1969914927342611 
