  6.2831853071795862 
  1.8897501006087054 
  0.1489852067775859 
 -0.0443172083245398 
 -0.0425906937523996 
 -0.0460891477519500 
  1.9143330969323595 
  0.1081747959090323 
 -0.0974031458566918 
 -0.1251427052752207 
 -0.0257192190590012 
  1.8494149331319272 
 -0.0161513059338034 
 -0.0045490668664529 
  0.1960406207699147 
  0.0161297541348101 
  1.8342691081537068 
 -0.0616949445817504 
 -0.0395677663947786 
  0.2151707553731957 
 -0.0012372151012075 
  1.8336468423776866 
  0.0514895159755002 
 -0.1416799185891383 
  0.0005077456554308 
 -0.1284704385638459 
  1.8305897601330539 
  0.0364188650470297 
 -0.1606977464353509 
  0.0048780636291440 
 -0.1586707636246992 
