  6.2831853071795862 
  2.0750649210916934 
  0.1014749938150421 
 -0.0984999583333615 
 -0.0474797257557688 
  0.1928235470732023 
  2.0885343187347081 
  0.0553740808249252 
 -0.1158126905828823 
 -0.0671270392782468 
  0.1974191449221285 
  2.0365034455950681 
 -0.0419651712559847 
  0.0222458043414079 
  0.2766059400307492 
  0.0836641786496295 
  2.0342640271656172 
 -0.0439854015324335 
  0.0099362065097776 
  0.2916587539436458 
  0.0766324078019331 
  2.0743660017893983 
 -0.1078608922890045 
 -0.1538162906276486 
  0.0555997898151709 
  0.0162172204371734 
  2.0757455533206310 
 -0.1632859788335266 
 -0.1108243095089450 
  0.0722777734550859 
 -0.0317775005833831 
