  6.2831853071795862 
  1.9966193339947960 
  0.3177355699047070 
  0.0876524439649618 
 -0.0005956393125040 
  0.0576034061374601 
  2.0118121136435230 
  0.3309835342051112 
  0.1050483857439806 
  0.0254210006685342 
  0.0315681590793304 
  1.8570825101789121 
  0.0117956797692237 
  0.0016859526620857 
  0.3067107948787804 
 -0.1354363438288108 
  1.9033017923762880 
  0.0024443549328765 
 -0.0102623400794874 
  0.2933149216836310 
 -0.1536524396185994 
  1.9043229123687258 
  0.0071184452877682 
  0.0604491148117390 
  0.2480005641518276 
  0.1768487170996283 
  1.9031504060802098 
  0.0066608468598360 
  0.0312215923357263 
  0.3262159851428733 
  0.1075234358222772 
