  6.2831853071795862 
  2.0987871712386674 
  0.2121785230580621 
  0.1645746706041298 
  0.0790418665119855 
 -0.0529492484012017 
  2.1061446881003478 
  0.1657532650924232 
  0.1669973112417182 
  0.0668973575749911 
  0.0080569739288933 
  2.1273565056162727 
  0.1450575992035355 
  0.1933544840789870 
  0.2267543299465853 
  0.0152214514010240 
  2.0992698580315263 
  0.1453724393782885 
  0.1893301905613156 
  0.2216890531812652 
  0.0386751022487619 
  2.2098275623221881 
 -0.0121732371749652 
  0.0260752452597073 
 -0.0416648635880929 
  0.2649763845636481 
  2.1972963540306907 
 -0.0386943938080304 
 -0.0241264462561580 
 -0.0004012011235041 
  0.3023595545828650 
