  6.2831853071795862 
  2.2526268988151905 
 -0.0544765243021654 
 -0.0606632621170165 
  0.1871323801635730 
  0.0070816699929430 
  2.2614486450396196 
 -0.0387171341596576 
 -0.0645508252719955 
  0.1951647398046241 
 -0.0272580376195150 
  1.9822873487757622 
  0.0586296849951207 
  0.0728127243969482 
 -0.0799576459060827 
  0.2457193719590168 
  2.0423823723557337 
  0.0057186170199179 
  0.0378925894883579 
 -0.0152300063514741 
  0.2581063805733476 
  1.9644216302820559 
  0.2078086701045655 
  0.0987420737943361 
 -0.0459934578907150 
 -0.1392984616025307 
  1.9437759555205996 
  0.2349989213910957 
  0.1365657015224249 
 -0.0721783182828922 
 -0.0701858862334120 
