  6.2831853071795862 
  2.0304415836225114 
 -0.0483482929432984 
  0.1507979962381442 
  0.1451639774761803 
 -0.1330738915959689 
  2.0672283370816706 
 -0.0793988218131150 
  0.1675073074448237 
  0.1939907024215438 
 -0.0864130746519149 
  1.9777285033868790 
 -0.0046073644508094 
  0.0254960368188976 
  0.0465298975292280 
 -0.2794160927831043 
  1.9422772735728515 
  0.0757058146699927 
  0.0722754767639186 
  0.1182783978744692 
 -0.2596430273077715 
  2.1877668103884944 
 -0.1565585185510957 
  0.0597186130478440 
 -0.0380744401696589 
 -0.1802680500477070 
  2.1737256872651023 
 -0.1237816669716888 
  0.0238380227584315 
 -0.0412536275977538 
 -0.1674563702666703 
