  6.2831853071795862 
  1.9692305353613746 
  0.2791585029474486 
 -0.1997259048747858 
  0.2482709263632008 
  0.1439728716569417 
  2.0157433562337475 
  0.2168622535960813 
 -0.1771309645952214 
  0.2376837275115073 
  0.1616013439556197 
  2.2328975364961154 
 -0.0658953104069147 
 -0.0266119108765911 
  0.3832662797548499 
 -0.1337896793998275 
  2.2070515981343823 
 -0.0191276080385560 
 -0.0086872595147272 
  0.4079439780811818 
 -0.1260300912810556 
  2.2231874914145893 
 -0.1294341879072945 
  0.0421320435612003 
  0.2008570357589650 
  0.1458765211319714 
  2.2715487485176942 
 -0.1631432238301362 
  0.1065546371055447 
  0.2140299129812504 
  0.1485651343289233 
