0	-1.20815e-17	-4.21031e-32	-1.7849e-16	0	0	
0.001	-1.20884e-17	-5.49229e-07	-5.49229e-07	-0.00109846	-0.00109846	
0.002	-1.21153e-17	-2.14651e-06	-2.14651e-06	-0.00209611	-0.00209611	
0.003	-1.21415e-17	-4.69568e-06	-4.69568e-06	-0.00300221	-0.00300221	
0.004	-1.21778e-17	-8.10937e-06	-8.10937e-06	-0.00382516	-0.00382516	
0.005	-1.22038e-17	-1.23082e-05	-1.23082e-05	-0.00457259	-0.00457259	
0.006	-1.22424e-17	-1.72203e-05	-1.72203e-05	-0.00525143	-0.00525143	
0.007	-1.22795e-17	-2.278e-05	-2.278e-05	-0.00586797	-0.00586797	
0.008	-1.23169e-17	-2.89279e-05	-2.89279e-05	-0.00642794	-0.00642794	
0.009	-1.23597e-17	-3.56101e-05	-3.56101e-05	-0.00693651	-0.00693651	
0.01	-1.23932e-17	-4.27776e-05	-4.27776e-05	-0.00739842	-0.00739842	
0.011	-1.24153e-17	-5.03858e-05	-5.03858e-05	-0.00781794	-0.00781794	
0.012	-1.24409e-17	-5.83942e-05	-5.83942e-05	-0.00819896	-0.00819896	
0.013	-1.24728e-17	-6.67662e-05	-6.67662e-05	-0.00854501	-0.00854501	
0.014	-1.24973e-17	-7.54684e-05	-7.54684e-05	-0.00885931	-0.00885931	
0.015	-1.25357e-17	-8.44704e-05	-8.44704e-05	-0.00914476	-0.00914476	
0.016	-1.25767e-17	-9.37448e-05	-9.37448e-05	-0.00940402	-0.00940402	
0.017	-1.26027e-17	-0.000103267	-0.000103267	-0.00963948	-0.00963948	
0.018	-1.26064e-17	-0.000113013	-0.000113013	-0.00985334	-0.00985334	
0.019	-1.25914e-17	-0.000122963	-0.000122963	-0.0100476	-0.0100476	
0.02	-1.25813e-17	-0.000133099	-0.000133099	-0.010224	-0.010224	
0.021	-1.25666e-17	-0.000143403	-0.000143403	-0.0103842	-0.0103842	
0.022	-1.2565e-17	-0.00015386	-0.00015386	-0.0105297	-0.0105297	
0.023	-1.25547e-17	-0.000164456	-0.000164456	-0.0106619	-0.0106619	
0.024	-1.25307e-17	-0.000175178	-0.000175178	-0.0107819	-0.0107819	
0.025	-1.25113e-17	-0.000186014	-0.000186014	-0.0108909	-0.0108909	
0.026	-1.24905e-17	-0.000196955	-0.000196955	-0.01099	-0.01099	
0.027	-1.24506e-17	-0.00020799	-0.00020799	-0.0110799	-0.0110799	
0.028	-1.23943e-17	-0.00021911	-0.00021911	-0.0111616	-0.0111616	
0.029	-1.23067e-17	-0.000230309	-0.000230309	-0.0112357	-0.0112357	
0.03	-1.22024e-17	-0.000241579	-0.000241579	-0.0113031	-0.0113031	
0.031	-1.20714e-17	-0.000252912	-0.000252912	-0.0113643	-0.0113643	
0.032	-1.19134e-17	-0.000264304	-0.000264304	-0.0114199	-0.0114199	
0.033	-1.17599e-17	-0.000275749	-0.000275749	-0.0114703	-0.0114703	
0.034	-1.16068e-17	-0.000287243	-0.000287243	-0.0115162	-0.0115162	
0.035	-1.14614e-17	-0.00029878	-0.00029878	-0.0115578	-0.0115578	
0.036	-1.13313e-17	-0.000310356	-0.000310356	-0.0115956	-0.0115956	
0.037	-1.12086e-17	-0.000321969	-0.000321969	-0.01163	-0.01163	
0.038	-1.10937e-17	-0.000333615	-0.000333615	-0.0116612	-0.0116612	
0.039	-1.10002e-17	-0.00034529	-0.00034529	-0.0116895	-0.0116895	
0.04	-1.09074e-17	-0.000356993	-0.000356993	-0.0117152	-0.0117152	
0.041	-1.08311e-17	-0.000368719	-0.000368719	-0.0117386	-0.0117386	
0.042	-1.07589e-17	-0.000380469	-0.000380469	-0.0117598	-0.0117598	
0.043	-1.06818e-17	-0.000392238	-0.000392238	-0.0117791	-0.0117791	
0.044	-1.05892e-17	-0.000404026	-0.000404026	-0.0117966	-0.0117966	
0.045	-1.04831e-17	-0.000415831	-0.000415831	-0.0118125	-0.0118125	
0.046	-1.03773e-17	-0.00042765	-0.00042765	-0.011827	-0.011827	
0.047	-1.02601e-17	-0.000439484	-0.000439484	-0.0118401	-0.0118401	
0.048	-1.0131e-17	-0.00045133	-0.00045133	-0.011852	-0.011852	
0.049	-9.99257e-18	-0.000463187	-0.000463187	-0.0118628	-0.0118628	
0.05	-9.87503e-18	-0.000475055	-0.000475055	-0.0118726	-0.0118726	
0.051	-9.77678e-18	-0.000486932	-0.000486932	-0.0118816	-0.0118816	
0.052	-9.68998e-18	-0.000498818	-0.000498818	-0.0118897	-0.0118897	
0.053	-9.62351e-18	-0.000510711	-0.000510711	-0.011897	-0.011897	
0.054	-9.54248e-18	-0.000522611	-0.000522611	-0.0119037	-0.0119037	
0.055	-9.46834e-18	-0.000534518	-0.000534518	-0.0119098	-0.0119098	
0.056	-9.37596e-18	-0.000546431	-0.000546431	-0.0119153	-0.0119153	
0.057	-9.27212e-18	-0.000558349	-0.000558349	-0.0119203	-0.0119203	
0.058	-9.17722e-18	-0.000570271	-0.000570271	-0.0119249	-0.0119249	
0.059	-9.07531e-18	-0.000582198	-0.000582198	-0.011929	-0.011929	
0.06	-8.95586e-18	-0.000594129	-0.000594129	-0.0119328	-0.0119328	
0.061	-8.83557e-18	-0.000606063	-0.000606063	-0.0119362	-0.0119362	
0.062	-8.7107e-18	-0.000618001	-0.000618001	-0.0119393	-0.0119393	
0.063	-8.59287e-18	-0.000629942	-0.000629942	-0.0119421	-0.0119421	
0.064	-8.49451e-18	-0.000641885	-0.000641885	-0.0119446	-0.0119446	
0.065	-8.40033e-18	-0.000653831	-0.000653831	-0.0119469	-0.0119469	
0.066	-8.31346e-18	-0.000665779	-0.000665779	-0.011949	-0.011949	
0.067	-8.22801e-18	-0.000677729	-0.000677729	-0.011951	-0.011951	
0.068	-8.16146e-18	-0.000689681	-0.000689681	-0.0119527	-0.0119527	
0.069	-8.10472e-18	-0.000701634	-0.000701634	-0.0119543	-0.0119543	
0.07	-8.03281e-18	-0.000713589	-0.000713589	-0.0119557	-0.0119557	
0.071	-7.95338e-18	-0.000725546	-0.000725546	-0.011957	-0.011957	
0.072	-7.85817e-18	-0.000737503	-0.000737503	-0.0119582	-0.0119582	
0.073	-7.73506e-18	-0.000749462	-0.000749462	-0.0119593	-0.0119593	
0.074	-7.60834e-18	-0.000761422	-0.000761422	-0.0119602	-0.0119602	
0.075	-7.46956e-18	-0.000773382	-0.000773382	-0.0119611	-0.0119611	
0.076	-7.32138e-18	-0.000785344	-0.000785344	-0.0119619	-0.0119619	
0.077	-7.16612e-18	-0.000797306	-0.000797306	-0.0119627	-0.0119627	
0.078	-7.01954e-18	-0.000809269	-0.000809269	-0.0119633	-0.0119633	
0.079	-6.87961e-18	-0.000821233	-0.000821233	-0.0119639	-0.0119639	
0.08	-6.7402e-18	-0.000833197	-0.000833197	-0.0119645	-0.0119645	
0.081	-6.60356e-18	-0.000845162	-0.000845162	-0.011965	-0.011965	
0.082	-6.48029e-18	-0.000857127	-0.000857127	-0.0119654	-0.0119654	
0.083	-6.35389e-18	-0.000869093	-0.000869093	-0.0119658	-0.0119658	
0.084	-6.24161e-18	-0.000881059	-0.000881059	-0.0119662	-0.0119662	
0.085	-6.1167e-18	-0.000893025	-0.000893025	-0.0119666	-0.0119666	
0.086	-5.97001e-18	-0.000904992	-0.000904992	-0.0119669	-0.0119669	
0.087	-5.8246e-18	-0.000916959	-0.000916959	-0.0119671	-0.0119671	
0.088	-5.69244e-18	-0.000928926	-0.000928926	-0.0119674	-0.0119674	
0.089	-5.55687e-18	-0.000940894	-0.000940894	-0.0119676	-0.0119676	
0.09	-5.41908e-18	-0.000952861	-0.000952861	-0.0119678	-0.0119678	
0.091	-5.28834e-18	-0.000964829	-0.000964829	-0.011968	-0.011968	
0.092	-5.15922e-18	-0.000976797	-0.000976797	-0.0119682	-0.0119682	
0.093	-5.0385e-18	-0.000988766	-0.000988766	-0.0119683	-0.0119683	
0.094	-4.92826e-18	-0.00100073	-0.00100073	-0.0119685	-0.0119685	
0.095	-4.81564e-18	-0.0010127	-0.0010127	-0.0119686	-0.0119686	
0.096	-4.69903e-18	-0.00102467	-0.00102467	-0.0119687	-0.0119687	
0.097	-4.57599e-18	-0.00103664	-0.00103664	-0.0119688	-0.0119688	
0.098	-4.4539e-18	-0.00104861	-0.00104861	-0.0119689	-0.0119689	
0.099	-4.33073e-18	-0.00106058	-0.00106058	-0.011969	-0.011969	
0.1	-4.20737e-18	-0.00107255	-0.00107255	-0.0119691	-0.0119691	
0.101	-4.08717e-18	-0.00108452	-0.00108452	-0.0119692	-0.0119692	
0.102	-3.96774e-18	-0.00109649	-0.00109649	-0.0119692	-0.0119692	
0.103	-3.86814e-18	-0.00110845	-0.00110845	-0.0119693	-0.0119693	
0.104	-3.76811e-18	-0.00112042	-0.00112042	-0.0119694	-0.0119694	
0.105	-3.66484e-18	-0.00113239	-0.00113239	-0.0119694	-0.0119694	
0.106	-3.57164e-18	-0.00114436	-0.00114436	-0.0119695	-0.0119695	
0.107	-3.49007e-18	-0.00115633	-0.00115633	-0.0119695	-0.0119695	
0.108	-3.40565e-18	-0.0011683	-0.0011683	-0.0119695	-0.0119695	
0.109	-3.30622e-18	-0.00118027	-0.00118027	-0.0119696	-0.0119696	
0.11	-3.20434e-18	-0.00119224	-0.00119224	-0.0119696	-0.0119696	
0.111	-3.1063e-18	-0.00120421	-0.00120421	-0.0119696	-0.0119696	
0.112	-3.01893e-18	-0.00121618	-0.00121618	-0.0119696	-0.0119696	
0.113	-2.92314e-18	-0.00122815	-0.00122815	-0.0119697	-0.0119697	
0.114	-2.82479e-18	-0.00124012	-0.00124012	-0.0119697	-0.0119697	
0.115	-2.71474e-18	-0.00125209	-0.00125209	-0.0119697	-0.0119697	
0.116	-2.59533e-18	-0.00126406	-0.00126406	-0.0119697	-0.0119697	
0.117	-2.48123e-18	-0.00127603	-0.00127603	-0.0119697	-0.0119697	
0.118	-2.38607e-18	-0.001288	-0.001288	-0.0119698	-0.0119698	
0.119	-2.29274e-18	-0.00129997	-0.00129997	-0.0119698	-0.0119698	
0.12	-2.20203e-18	-0.00131194	-0.00131194	-0.0119698	-0.0119698	
0.121	-2.11081e-18	-0.00132391	-0.00132391	-0.0119698	-0.0119698	
0.122	-2.02894e-18	-0.00133588	-0.00133588	-0.0119698	-0.0119698	
0.123	-1.96354e-18	-0.00134785	-0.00134785	-0.0119698	-0.0119698	
0.124	-1.91752e-18	-0.00135982	-0.00135982	-0.0119698	-0.0119698	
0.125	-1.86676e-18	-0.00137179	-0.00137179	-0.0119698	-0.0119698	
0.126	-1.80964e-18	-0.00138376	-0.00138376	-0.0119698	-0.0119698	
0.127	-1.75825e-18	-0.00139573	-0.00139573	-0.0119698	-0.0119698	
0.128	-1.68584e-18	-0.0014077	-0.0014077	-0.0119698	-0.0119698	
0.129	-1.60188e-18	-0.00141967	-0.00141967	-0.0119698	-0.0119698	
0.13	-1.52212e-18	-0.00143164	-0.00143164	-0.0119699	-0.0119699	
0.131	-1.46182e-18	-0.00144361	-0.00144361	-0.0119699	-0.0119699	
0.132	-1.40333e-18	-0.00145558	-0.00145558	-0.0119699	-0.0119699	
0.133	-1.33953e-18	-0.00146755	-0.00146755	-0.0119699	-0.0119699	
0.134	-1.28066e-18	-0.00147952	-0.00147952	-0.0119699	-0.0119699	
0.135	-1.21024e-18	-0.00149149	-0.00149149	-0.0119699	-0.0119699	
0.136	-1.14295e-18	-0.00150346	-0.00150346	-0.0119699	-0.0119699	
0.137	-1.09149e-18	-0.00151543	-0.00151543	-0.0119699	-0.0119699	
0.138	-1.05353e-18	-0.0015274	-0.0015274	-0.0119699	-0.0119699	
0.139	-1.02637e-18	-0.00153936	-0.00153936	-0.0119699	-0.0119699	
0.14	-1.0206e-18	-0.00155133	-0.00155133	-0.0119699	-0.0119699	
0.141	-1.04206e-18	-0.0015633	-0.0015633	-0.0119699	-0.0119699	
0.142	-1.04743e-18	-0.00157527	-0.00157527	-0.0119699	-0.0119699	
0.143	-1.05369e-18	-0.00158724	-0.00158724	-0.0119699	-0.0119699	
0.144	-1.06128e-18	-0.00159921	-0.00159921	-0.0119699	-0.0119699	
0.145	-1.06753e-18	-0.00161118	-0.00161118	-0.0119699	-0.0119699	
0.146	-1.10509e-18	-0.00162315	-0.00162315	-0.0119699	-0.0119699	
0.147	-1.14354e-18	-0.00163512	-0.00163512	-0.0119699	-0.0119699	
0.148	-1.16037e-18	-0.00164709	-0.00164709	-0.0119699	-0.0119699	
0.149	-1.1722e-18	-0.00165906	-0.00165906	-0.0119699	-0.0119699	
0.15	-1.16366e-18	-0.00167103	-0.00167103	-0.0119699	-0.0119699	
0.151	-1.18548e-18	-0.001683	-0.001683	-0.0119699	-0.0119699	
0.152	-1.22636e-18	-0.00169497	-0.00169497	-0.0119699	-0.0119699	
0.153	-1.24589e-18	-0.00170694	-0.00170694	-0.0119699	-0.0119699	
0.154	-1.25074e-18	-0.00171891	-0.00171891	-0.0119699	-0.0119699	
0.155	-1.23346e-18	-0.00173088	-0.00173088	-0.0119699	-0.0119699	
0.156	-1.21899e-18	-0.00174285	-0.00174285	-0.0119699	-0.0119699	
0.157	-1.21573e-18	-0.00175482	-0.00175482	-0.0119699	-0.0119699	
0.158	-1.18729e-18	-0.00176679	-0.00176679	-0.0119699	-0.0119699	
0.159	-1.14138e-18	-0.00177876	-0.00177876	-0.0119699	-0.0119699	
0.16	-1.08791e-18	-0.00179073	-0.00179073	-0.0119699	-0.0119699	
0.161	-1.04972e-18	-0.0018027	-0.0018027	-0.0119699	-0.0119699	
0.162	-1.03073e-18	-0.00181467	-0.00181467	-0.0119699	-0.0119699	
0.163	-9.88827e-19	-0.00182664	-0.00182664	-0.0119699	-0.0119699	
0.164	-9.73977e-19	-0.00183861	-0.00183861	-0.0119699	-0.0119699	
0.165	-9.65838e-19	-0.00185058	-0.00185058	-0.0119699	-0.0119699	
0.166	-9.443e-19	-0.00186255	-0.00186255	-0.0119699	-0.0119699	
0.167	-9.17244e-19	-0.00187452	-0.00187452	-0.0119699	-0.0119699	
0.168	-8.79566e-19	-0.00188649	-0.00188649	-0.0119699	-0.0119699	
0.169	-8.60395e-19	-0.00189846	-0.00189846	-0.0119699	-0.0119699	
0.17	-8.51467e-19	-0.00191043	-0.00191043	-0.0119699	-0.0119699	
0.171	-8.40841e-19	-0.0019224	-0.0019224	-0.0119699	-0.0119699	
0.172	-8.4116e-19	-0.00193437	-0.00193437	-0.0119699	-0.0119699	
0.173	-8.44848e-19	-0.00194634	-0.00194634	-0.0119699	-0.0119699	
0.174	-8.51163e-19	-0.00195831	-0.00195831	-0.0119699	-0.0119699	
0.175	-8.49005e-19	-0.00197028	-0.00197028	-0.0119699	-0.0119699	
0.176	-8.31628e-19	-0.00198225	-0.00198225	-0.0119699	-0.0119699	
0.177	-7.91918e-19	-0.00199422	-0.00199422	-0.0119699	-0.0119699	
0.178	-7.46351e-19	-0.00200619	-0.00200619	-0.0119699	-0.0119699	
0.179	-7.01762e-19	-0.00201816	-0.00201816	-0.0119699	-0.0119699	
0.18	-6.67012e-19	-0.00203013	-0.00203013	-0.0119699	-0.0119699	
0.181	-6.45486e-19	-0.0020421	-0.0020421	-0.0119699	-0.0119699	
0.182	-6.0911e-19	-0.00205407	-0.00205407	-0.0119699	-0.0119699	
0.183	-5.50347e-19	-0.00206604	-0.00206604	-0.0119699	-0.0119699	
0.184	-4.82469e-19	-0.00207801	-0.00207801	-0.0119699	-0.0119699	
0.185	-4.15752e-19	-0.00208998	-0.00208998	-0.0119699	-0.0119699	
0.186	-3.56076e-19	-0.00210195	-0.00210195	-0.0119699	-0.0119699	
0.187	-2.914e-19	-0.00211392	-0.00211392	-0.0119699	-0.0119699	
0.188	-2.2606e-19	-0.00212589	-0.00212589	-0.0119699	-0.0119699	
0.189	-1.68188e-19	-0.00213786	-0.00213786	-0.0119699	-0.0119699	
0.19	-9.19701e-20	-0.00214983	-0.00214983	-0.0119699	-0.0119699	
0.191	-1.52001e-20	-0.0021618	-0.0021618	-0.0119699	-0.0119699	
0.192	8.62187e-20	-0.00217377	-0.00217377	-0.0119699	-0.0119699	
0.193	1.92245e-19	-0.00218574	-0.00218574	-0.0119699	-0.0119699	
0.194	3.13213e-19	-0.00219771	-0.00219771	-0.0119699	-0.0119699	
0.195	4.54544e-19	-0.00220968	-0.00220968	-0.0119699	-0.0119699	
0.196	6.05609e-19	-0.00222165	-0.00222165	-0.0119699	-0.0119699	
0.197	7.6478e-19	-0.00223362	-0.00223362	-0.0119699	-0.0119699	
0.198	9.07207e-19	-0.00224559	-0.00224559	-0.0119699	-0.0119699	
0.199	1.08553e-18	-0.00225756	-0.00225756	-0.0119699	-0.0119699	
0.2	1.25933e-18	-0.00226953	-0.00226953	-0.0119699	-0.0119699	
0.201	1.44056e-18	-0.0022815	-0.0022815	-0.0119699	-0.0119699	
0.202	1.62155e-18	-0.00229347	-0.00229347	-0.0119699	-0.0119699	
0.203	1.80813e-18	-0.00230544	-0.00230544	-0.0119699	-0.0119699	
0.204	1.9616e-18	-0.00231741	-0.00231741	-0.0119699	-0.0119699	
0.205	2.12184e-18	-0.00232938	-0.00232938	-0.0119699	-0.0119699	
0.206	2.2596e-18	-0.00234135	-0.00234135	-0.0119699	-0.0119699	
0.207	2.39459e-18	-0.00235332	-0.00235332	-0.0119699	-0.0119699	
0.208	2.52989e-18	-0.00236529	-0.00236529	-0.0119699	-0.0119699	
0.209	2.66865e-18	-0.00237726	-0.00237726	-0.0119699	-0.0119699	
0.21	2.81271e-18	-0.00238923	-0.00238923	-0.0119699	-0.0119699	
0.211	2.9381e-18	-0.0024012	-0.0024012	-0.0119699	-0.0119699	
0.212	3.06571e-18	-0.00241317	-0.00241317	-0.0119699	-0.0119699	
0.213	3.21097e-18	-0.00242514	-0.00242514	-0.0119699	-0.0119699	
0.214	3.35183e-18	-0.00243711	-0.00243711	-0.0119699	-0.0119699	
0.215	3.5038e-18	-0.00244908	-0.00244908	-0.0119699	-0.0119699	
0.216	3.67264e-18	-0.00246105	-0.00246105	-0.0119699	-0.0119699	
0.217	3.81623e-18	-0.00247302	-0.00247302	-0.0119699	-0.0119699	
0.218	3.94237e-18	-0.00248499	-0.00248499	-0.0119699	-0.0119699	
0.219	4.0653e-18	-0.00249696	-0.00249696	-0.0119699	-0.0119699	
0.22	4.17057e-18	-0.00250893	-0.00250893	-0.0119699	-0.0119699	
0.221	4.27584e-18	-0.0025209	-0.0025209	-0.0119699	-0.0119699	
0.222	4.39772e-18	-0.00253287	-0.00253287	-0.0119699	-0.0119699	
0.223	4.5184e-18	-0.00254484	-0.00254484	-0.0119699	-0.0119699	
0.224	4.65263e-18	-0.00255681	-0.00255681	-0.0119699	-0.0119699	
0.225	4.78812e-18	-0.00256878	-0.00256878	-0.0119699	-0.0119699	
0.226	4.91198e-18	-0.00258075	-0.00258075	-0.0119699	-0.0119699	
0.227	5.0376e-18	-0.00259272	-0.00259272	-0.0119699	-0.0119699	
0.228	5.18108e-18	-0.00260469	-0.00260469	-0.0119699	-0.0119699	
0.229	5.34327e-18	-0.00261666	-0.00261666	-0.0119699	-0.0119699	
0.23	5.52566e-18	-0.00262863	-0.00262863	-0.0119699	-0.0119699	
0.231	5.69668e-18	-0.0026406	-0.0026406	-0.0119699	-0.0119699	
0.232	5.85124e-18	-0.00265257	-0.00265257	-0.0119699	-0.0119699	
0.233	5.98256e-18	-0.00266454	-0.00266454	-0.0119699	-0.0119699	
0.234	6.11361e-18	-0.00267651	-0.00267651	-0.0119699	-0.0119699	
0.235	6.2541e-18	-0.00268847	-0.00268847	-0.0119699	-0.0119699	
0.236	6.38145e-18	-0.00270044	-0.00270044	-0.0119699	-0.0119699	
0.237	6.50857e-18	-0.00271241	-0.00271241	-0.0119699	-0.0119699	
0.238	6.64654e-18	-0.00272438	-0.00272438	-0.0119699	-0.0119699	
0.239	6.78071e-18	-0.00273635	-0.00273635	-0.0119699	-0.0119699	
0.24	6.91673e-18	-0.00274832	-0.00274832	-0.0119699	-0.0119699	
0.241	7.04904e-18	-0.00276029	-0.00276029	-0.0119699	-0.0119699	
0.242	7.17321e-18	-0.00277226	-0.00277226	-0.0119699	-0.0119699	
0.243	7.2879e-18	-0.00278423	-0.00278423	-0.0119699	-0.0119699	
0.244	7.4028e-18	-0.0027962	-0.0027962	-0.0119699	-0.0119699	
0.245	7.51864e-18	-0.00280817	-0.00280817	-0.0119699	-0.0119699	
0.246	7.63559e-18	-0.00282014	-0.00282014	-0.0119699	-0.0119699	
0.247	7.76883e-18	-0.00283211	-0.00283211	-0.0119699	-0.0119699	
0.248	7.89083e-18	-0.00284408	-0.00284408	-0.0119699	-0.0119699	
0.249	8.00086e-18	-0.00285605	-0.00285605	-0.0119699	-0.0119699	
0.25	8.1017e-18	-0.00286802	-0.00286802	-0.0119699	-0.0119699	
0.251	8.18963e-18	-0.00287999	-0.00287999	-0.0119699	-0.0119699	
0.252	8.28818e-18	-0.00289196	-0.00289196	-0.0119699	-0.0119699	
0.253	8.36664e-18	-0.00290393	-0.00290393	-0.0119699	-0.0119699	
0.254	8.44108e-18	-0.0029159	-0.0029159	-0.0119699	-0.0119699	
0.255	8.49763e-18	-0.00292787	-0.00292787	-0.0119699	-0.0119699	
0.256	8.55004e-18	-0.00293984	-0.00293984	-0.0119699	-0.0119699	
0.257	8.5968e-18	-0.00295181	-0.00295181	-0.0119699	-0.0119699	
0.258	8.62633e-18	-0.00296378	-0.00296378	-0.0119699	-0.0119699	
0.259	8.6308e-18	-0.00297575	-0.00297575	-0.0119699	-0.0119699	
0.26	8.61005e-18	-0.00298772	-0.00298772	-0.0119699	-0.0119699	
0.261	8.58163e-18	-0.00299969	-0.00299969	-0.0119699	-0.0119699	
0.262	8.54457e-18	-0.00301166	-0.00301166	-0.0119699	-0.0119699	
0.263	8.48933e-18	-0.00302363	-0.00302363	-0.0119699	-0.0119699	
0.264	8.4521e-18	-0.0030356	-0.0030356	-0.0119699	-0.0119699	
0.265	8.39015e-18	-0.00304757	-0.00304757	-0.0119699	-0.0119699	
0.266	8.31893e-18	-0.00305954	-0.00305954	-0.0119699	-0.0119699	
0.267	8.26959e-18	-0.00307151	-0.00307151	-0.0119699	-0.0119699	
0.268	8.18808e-18	-0.00308348	-0.00308348	-0.0119699	-0.0119699	
0.269	8.11169e-18	-0.00309545	-0.00309545	-0.0119699	-0.0119699	
0.27	8.02068e-18	-0.00310742	-0.00310742	-0.0119699	-0.0119699	
0.271	7.94355e-18	-0.00311939	-0.00311939	-0.0119699	-0.0119699	
0.272	7.86038e-18	-0.00313136	-0.00313136	-0.0119699	-0.0119699	
0.273	7.78657e-18	-0.00314333	-0.00314333	-0.0119699	-0.0119699	
0.274	7.71817e-18	-0.0031553	-0.0031553	-0.0119699	-0.0119699	
0.275	7.64328e-18	-0.00316727	-0.00316727	-0.0119699	-0.0119699	
0.276	7.58385e-18	-0.00317924	-0.00317924	-0.0119699	-0.0119699	
0.277	7.5317e-18	-0.00319121	-0.00319121	-0.0119699	-0.0119699	
0.278	7.46323e-18	-0.00320318	-0.00320318	-0.0119699	-0.0119699	
0.279	7.39304e-18	-0.00321515	-0.00321515	-0.0119699	-0.0119699	
0.28	7.3209e-18	-0.00322712	-0.00322712	-0.0119699	-0.0119699	
0.281	7.23284e-18	-0.00323909	-0.00323909	-0.0119699	-0.0119699	
0.282	7.16715e-18	-0.00325106	-0.00325106	-0.0119699	-0.0119699	
0.283	7.09766e-18	-0.00326303	-0.00326303	-0.0119699	-0.0119699	
0.284	7.02036e-18	-0.003275	-0.003275	-0.0119699	-0.0119699	
0.285	6.94603e-18	-0.00328697	-0.00328697	-0.0119699	-0.0119699	
0.286	6.8574e-18	-0.00329894	-0.00329894	-0.0119699	-0.0119699	
0.287	6.76906e-18	-0.00331091	-0.00331091	-0.0119699	-0.0119699	
0.288	6.67715e-18	-0.00332288	-0.00332288	-0.0119699	-0.0119699	
0.289	6.58017e-18	-0.00333485	-0.00333485	-0.0119699	-0.0119699	
0.29	6.48617e-18	-0.00334682	-0.00334682	-0.0119699	-0.0119699	
0.291	6.40102e-18	-0.00335879	-0.00335879	-0.0119699	-0.0119699	
0.292	6.3262e-18	-0.00337076	-0.00337076	-0.0119699	-0.0119699	
0.293	6.23051e-18	-0.00338273	-0.00338273	-0.0119699	-0.0119699	
0.294	6.13195e-18	-0.0033947	-0.0033947	-0.0119699	-0.0119699	
0.295	6.03439e-18	-0.00340667	-0.00340667	-0.0119699	-0.0119699	
0.296	5.95688e-18	-0.00341864	-0.00341864	-0.0119699	-0.0119699	
0.297	5.87711e-18	-0.00343061	-0.00343061	-0.0119699	-0.0119699	
0.298	5.80578e-18	-0.00344258	-0.00344258	-0.0119699	-0.0119699	
0.299	5.74758e-18	-0.00345455	-0.00345455	-0.0119699	-0.0119699	
0.3	5.67803e-18	-0.00346652	-0.00346652	-0.0119699	-0.0119699	
0.301	5.59672e-18	-0.00347849	-0.00347849	-0.0119699	-0.0119699	
0.302	5.48694e-18	-0.00349046	-0.00349046	-0.0119699	-0.0119699	
0.303	5.37878e-18	-0.00350243	-0.00350243	-0.0119699	-0.0119699	
0.304	5.25436e-18	-0.0035144	-0.0035144	-0.0119699	-0.0119699	
0.305	5.14353e-18	-0.00352637	-0.00352637	-0.0119699	-0.0119699	
0.306	5.02092e-18	-0.00353834	-0.00353834	-0.0119699	-0.0119699	
0.307	4.90805e-18	-0.00355031	-0.00355031	-0.0119699	-0.0119699	
0.308	4.81867e-18	-0.00356228	-0.00356228	-0.0119699	-0.0119699	
0.309	4.72237e-18	-0.00357425	-0.00357425	-0.0119699	-0.0119699	
0.31	4.6213e-18	-0.00358622	-0.00358622	-0.0119699	-0.0119699	
0.311	4.50498e-18	-0.00359819	-0.00359819	-0.0119699	-0.0119699	
0.312	4.39675e-18	-0.00361016	-0.00361016	-0.0119699	-0.0119699	
0.313	4.26195e-18	-0.00362213	-0.00362213	-0.0119699	-0.0119699	
0.314	4.12611e-18	-0.0036341	-0.0036341	-0.0119699	-0.0119699	
0.315	3.98629e-18	-0.00364607	-0.00364607	-0.0119699	-0.0119699	
0.316	3.86229e-18	-0.00365804	-0.00365804	-0.0119699	-0.0119699	
0.317	3.74688e-18	-0.00367001	-0.00367001	-0.0119699	-0.0119699	
0.318	3.65364e-18	-0.00368198	-0.00368198	-0.0119699	-0.0119699	
0.319	3.57649e-18	-0.00369395	-0.00369395	-0.0119699	-0.0119699	
0.32	3.50123e-18	-0.00370592	-0.00370592	-0.0119699	-0.0119699	
0.321	3.44774e-18	-0.00371789	-0.00371789	-0.0119699	-0.0119699	
0.322	3.39792e-18	-0.00372986	-0.00372986	-0.0119699	-0.0119699	
0.323	3.32538e-18	-0.00374183	-0.00374183	-0.0119699	-0.0119699	
0.324	3.26154e-18	-0.0037538	-0.0037538	-0.0119699	-0.0119699	
0.325	3.18469e-18	-0.00376577	-0.00376577	-0.0119699	-0.0119699	
0.326	3.10785e-18	-0.00377774	-0.00377774	-0.0119699	-0.0119699	
0.327	3.03401e-18	-0.00378971	-0.00378971	-0.0119699	-0.0119699	
0.328	2.98817e-18	-0.00380168	-0.00380168	-0.0119699	-0.0119699	
0.329	2.93096e-18	-0.00381365	-0.00381365	-0.0119699	-0.0119699	
0.33	2.87369e-18	-0.00382562	-0.00382562	-0.0119699	-0.0119699	
0.331	2.81088e-18	-0.00383759	-0.00383759	-0.0119699	-0.0119699	
0.332	2.74361e-18	-0.00384956	-0.00384956	-0.0119699	-0.0119699	
0.333	2.6831e-18	-0.00386152	-0.00386152	-0.0119699	-0.0119699	
0.334	2.62516e-18	-0.00387349	-0.00387349	-0.0119699	-0.0119699	
0.335	2.57012e-18	-0.00388546	-0.00388546	-0.0119699	-0.0119699	
0.336	2.5177e-18	-0.00389743	-0.00389743	-0.0119699	-0.0119699	
0.337	2.46808e-18	-0.0039094	-0.0039094	-0.0119699	-0.0119699	
0.338	2.39687e-18	-0.00392137	-0.00392137	-0.0119699	-0.0119699	
0.339	2.35034e-18	-0.00393334	-0.00393334	-0.0119699	-0.0119699	
0.34	2.28587e-18	-0.00394531	-0.00394531	-0.0119699	-0.0119699	
0.341	2.22694e-18	-0.00395728	-0.00395728	-0.0119699	-0.0119699	
0.342	2.17219e-18	-0.00396925	-0.00396925	-0.0119699	-0.0119699	
0.343	2.14069e-18	-0.00398122	-0.00398122	-0.0119699	-0.0119699	
0.344	2.1091e-18	-0.00399319	-0.00399319	-0.0119699	-0.0119699	
0.345	2.0673e-18	-0.00400516	-0.00400516	-0.0119699	-0.0119699	
0.346	2.0209e-18	-0.00401713	-0.00401713	-0.0119699	-0.0119699	
0.347	1.97139e-18	-0.0040291	-0.0040291	-0.0119699	-0.0119699	
0.348	1.91121e-18	-0.00404107	-0.00404107	-0.0119699	-0.0119699	
0.349	1.872e-18	-0.00405304	-0.00405304	-0.0119699	-0.0119699	
0.35	1.81754e-18	-0.00406501	-0.00406501	-0.0119699	-0.0119699	
0.351	1.76252e-18	-0.00407698	-0.00407698	-0.0119699	-0.0119699	
0.352	1.69871e-18	-0.00408895	-0.00408895	-0.0119699	-0.0119699	
0.353	1.63598e-18	-0.00410092	-0.00410092	-0.0119699	-0.0119699	
0.354	1.57401e-18	-0.00411289	-0.00411289	-0.0119699	-0.0119699	
0.355	1.50351e-18	-0.00412486	-0.00412486	-0.0119699	-0.0119699	
0.356	1.42059e-18	-0.00413683	-0.00413683	-0.0119699	-0.0119699	
0.357	1.34718e-18	-0.0041488	-0.0041488	-0.0119699	-0.0119699	
0.358	1.25768e-18	-0.00416077	-0.00416077	-0.0119699	-0.0119699	
0.359	1.16032e-18	-0.00417274	-0.00417274	-0.0119699	-0.0119699	
0.36	1.0827e-18	-0.00418471	-0.00418471	-0.0119699	-0.0119699	
0.361	1.00648e-18	-0.00419668	-0.00419668	-0.0119699	-0.0119699	
0.362	9.27301e-19	-0.00420865	-0.00420865	-0.0119699	-0.0119699	
0.363	8.43377e-19	-0.00422062	-0.00422062	-0.0119699	-0.0119699	
0.364	7.65111e-19	-0.00423259	-0.00423259	-0.0119699	-0.0119699	
0.365	6.99104e-19	-0.00424456	-0.00424456	-0.0119699	-0.0119699	
0.366	6.33293e-19	-0.00425653	-0.00425653	-0.0119699	-0.0119699	
0.367	5.70976e-19	-0.0042685	-0.0042685	-0.0119699	-0.0119699	
0.368	5.2051e-19	-0.00428047	-0.00428047	-0.0119699	-0.0119699	
0.369	4.71052e-19	-0.00429244	-0.00429244	-0.0119699	-0.0119699	
0.37	4.44658e-19	-0.00430441	-0.00430441	-0.0119699	-0.0119699	
0.371	4.31305e-19	-0.00431638	-0.00431638	-0.0119699	-0.0119699	
0.372	4.31363e-19	-0.00432835	-0.00432835	-0.0119699	-0.0119699	
0.373	4.39102e-19	-0.00434032	-0.00434032	-0.0119699	-0.0119699	
0.374	4.68134e-19	-0.00435229	-0.00435229	-0.0119699	-0.0119699	
0.375	4.85959e-19	-0.00436426	-0.00436426	-0.0119699	-0.0119699	
0.376	5.16992e-19	-0.00437623	-0.00437623	-0.0119699	-0.0119699	
0.377	5.54162e-19	-0.0043882	-0.0043882	-0.0119699	-0.0119699	
0.378	6.09912e-19	-0.00440017	-0.00440017	-0.0119699	-0.0119699	
0.379	6.65268e-19	-0.00441214	-0.00441214	-0.0119699	-0.0119699	
0.38	7.24606e-19	-0.00442411	-0.00442411	-0.0119699	-0.0119699	
0.381	7.88413e-19	-0.00443608	-0.00443608	-0.0119699	-0.0119699	
0.382	8.64534e-19	-0.00444805	-0.00444805	-0.0119699	-0.0119699	
0.383	9.2243e-19	-0.00446002	-0.00446002	-0.0119699	-0.0119699	
0.384	9.65474e-19	-0.00447199	-0.00447199	-0.0119699	-0.0119699	
0.385	1.03053e-18	-0.00448396	-0.00448396	-0.0119699	-0.0119699	
0.386	1.08729e-18	-0.00449593	-0.00449593	-0.0119699	-0.0119699	
0.387	1.15348e-18	-0.0045079	-0.0045079	-0.0119699	-0.0119699	
0.388	1.20282e-18	-0.00451987	-0.00451987	-0.0119699	-0.0119699	
0.389	1.25075e-18	-0.00453184	-0.00453184	-0.0119699	-0.0119699	
0.39	1.2789e-18	-0.00454381	-0.00454381	-0.0119699	-0.0119699	
0.391	1.31447e-18	-0.00455578	-0.00455578	-0.0119699	-0.0119699	
0.392	1.33575e-18	-0.00456775	-0.00456775	-0.0119699	-0.0119699	
0.393	1.34828e-18	-0.00457972	-0.00457972	-0.0119699	-0.0119699	
0.394	1.34061e-18	-0.00459169	-0.00459169	-0.0119699	-0.0119699	
0.395	1.33774e-18	-0.00460366	-0.00460366	-0.0119699	-0.0119699	
0.396	1.33192e-18	-0.00461563	-0.00461563	-0.0119699	-0.0119699	
0.397	1.35471e-18	-0.0046276	-0.0046276	-0.0119699	-0.0119699	
0.398	1.39933e-18	-0.00463957	-0.00463957	-0.0119699	-0.0119699	
0.399	1.44214e-18	-0.00465154	-0.00465154	-0.0119699	-0.0119699	
0.4	1.49219e-18	-0.00466351	-0.00466351	-0.0119699	-0.0119699	
0.401	1.542e-18	-0.00467548	-0.00467548	-0.0119699	-0.0119699	
0.402	1.60646e-18	-0.00468745	-0.00468745	-0.0119699	-0.0119699	
0.403	1.66923e-18	-0.00469942	-0.00469942	-0.0119699	-0.0119699	
0.404	1.73526e-18	-0.00471139	-0.00471139	-0.0119699	-0.0119699	
0.405	1.81395e-18	-0.00472336	-0.00472336	-0.0119699	-0.0119699	
0.406	1.92358e-18	-0.00473533	-0.00473533	-0.0119699	-0.0119699	
0.407	2.05154e-18	-0.0047473	-0.0047473	-0.0119699	-0.0119699	
0.408	2.19487e-18	-0.00475927	-0.00475927	-0.0119699	-0.0119699	
0.409	2.36248e-18	-0.00477124	-0.00477124	-0.0119699	-0.0119699	
0.41	2.56163e-18	-0.00478321	-0.00478321	-0.0119699	-0.0119699	
0.411	2.77476e-18	-0.00479518	-0.00479518	-0.0119699	-0.0119699	
0.412	2.97729e-18	-0.00480715	-0.00480715	-0.0119699	-0.0119699	
0.413	3.18461e-18	-0.00481912	-0.00481912	-0.0119699	-0.0119699	
0.414	3.38865e-18	-0.00483109	-0.00483109	-0.0119699	-0.0119699	
0.415	3.59959e-18	-0.00484306	-0.00484306	-0.0119699	-0.0119699	
0.416	3.81601e-18	-0.00485503	-0.00485503	-0.0119699	-0.0119699	
0.417	4.03462e-18	-0.004867	-0.004867	-0.0119699	-0.0119699	
0.418	4.24616e-18	-0.00487897	-0.00487897	-0.0119699	-0.0119699	
0.419	4.46602e-18	-0.00489094	-0.00489094	-0.0119699	-0.0119699	
0.42	4.68772e-18	-0.00490291	-0.00490291	-0.0119699	-0.0119699	
0.421	4.91312e-18	-0.00491488	-0.00491488	-0.0119699	-0.0119699	
0.422	5.14097e-18	-0.00492685	-0.00492685	-0.0119699	-0.0119699	
0.423	5.37384e-18	-0.00493882	-0.00493882	-0.0119699	-0.0119699	
0.424	5.60263e-18	-0.00495079	-0.00495079	-0.0119699	-0.0119699	
0.425	5.80939e-18	-0.00496276	-0.00496276	-0.0119699	-0.0119699	
0.426	6.00935e-18	-0.00497473	-0.00497473	-0.0119699	-0.0119699	
0.427	6.20347e-18	-0.0049867	-0.0049867	-0.0119699	-0.0119699	
0.428	6.38146e-18	-0.00499867	-0.00499867	-0.0119699	-0.0119699	
0.429	6.57706e-18	-0.00501064	-0.00501064	-0.0119699	-0.0119699	
0.43	6.77731e-18	-0.00502261	-0.00502261	-0.0119699	-0.0119699	
0.431	6.9654e-18	-0.00503457	-0.00503457	-0.0119699	-0.0119699	
0.432	7.13786e-18	-0.00504654	-0.00504654	-0.0119699	-0.0119699	
0.433	7.32116e-18	-0.00505851	-0.00505851	-0.0119699	-0.0119699	
0.434	7.50546e-18	-0.00507048	-0.00507048	-0.0119699	-0.0119699	
0.435	7.68344e-18	-0.00508245	-0.00508245	-0.0119699	-0.0119699	
0.436	7.87307e-18	-0.00509442	-0.00509442	-0.0119699	-0.0119699	
0.437	8.03991e-18	-0.00510639	-0.00510639	-0.0119699	-0.0119699	
0.438	8.21829e-18	-0.00511836	-0.00511836	-0.0119699	-0.0119699	
0.439	8.39962e-18	-0.00513033	-0.00513033	-0.0119699	-0.0119699	
0.44	8.58486e-18	-0.0051423	-0.0051423	-0.0119699	-0.0119699	
0.441	8.74558e-18	-0.00515427	-0.00515427	-0.0119699	-0.0119699	
0.442	8.90385e-18	-0.00516624	-0.00516624	-0.0119699	-0.0119699	
0.443	9.09462e-18	-0.00517821	-0.00517821	-0.0119699	-0.0119699	
0.444	9.27241e-18	-0.00519018	-0.00519018	-0.0119699	-0.0119699	
0.445	9.44117e-18	-0.00520215	-0.00520215	-0.0119699	-0.0119699	
0.446	9.6019e-18	-0.00521412	-0.00521412	-0.0119699	-0.0119699	
0.447	9.76344e-18	-0.00522609	-0.00522609	-0.0119699	-0.0119699	
0.448	9.92811e-18	-0.00523806	-0.00523806	-0.0119699	-0.0119699	
0.449	1.01024e-17	-0.00525003	-0.00525003	-0.0119699	-0.0119699	
0.45	1.0301e-17	-0.005262	-0.005262	-0.0119699	-0.0119699	
0.451	1.05011e-17	-0.00527397	-0.00527397	-0.0119699	-0.0119699	
0.452	1.06976e-17	-0.00528594	-0.00528594	-0.0119699	-0.0119699	
0.453	1.08859e-17	-0.00529791	-0.00529791	-0.0119699	-0.0119699	
0.454	1.1067e-17	-0.00530988	-0.00530988	-0.0119699	-0.0119699	
0.455	1.12534e-17	-0.00532185	-0.00532185	-0.0119699	-0.0119699	
0.456	1.14163e-17	-0.00533382	-0.00533382	-0.0119699	-0.0119699	
0.457	1.15496e-17	-0.00534579	-0.00534579	-0.0119699	-0.0119699	
0.458	1.16896e-17	-0.00535776	-0.00535776	-0.0119699	-0.0119699	
0.459	1.18087e-17	-0.00536973	-0.00536973	-0.0119699	-0.0119699	
0.46	1.19411e-17	-0.0053817	-0.0053817	-0.0119699	-0.0119699	
0.461	1.20693e-17	-0.00539367	-0.00539367	-0.0119699	-0.0119699	
0.462	1.21921e-17	-0.00540564	-0.00540564	-0.0119699	-0.0119699	
0.463	1.23151e-17	-0.00541761	-0.00541761	-0.0119699	-0.0119699	
0.464	1.2456e-17	-0.00542958	-0.00542958	-0.0119699	-0.0119699	
0.465	1.26141e-17	-0.00544155	-0.00544155	-0.0119699	-0.0119699	
0.466	1.27704e-17	-0.00545352	-0.00545352	-0.0119699	-0.0119699	
0.467	1.2913e-17	-0.00546549	-0.00546549	-0.0119699	-0.0119699	
0.468	1.30266e-17	-0.00547746	-0.00547746	-0.0119699	-0.0119699	
0.469	1.31315e-17	-0.00548943	-0.00548943	-0.0119699	-0.0119699	
0.47	1.32463e-17	-0.0055014	-0.0055014	-0.0119699	-0.0119699	
0.471	1.33658e-17	-0.00551337	-0.00551337	-0.0119699	-0.0119699	
0.472	1.34717e-17	-0.00552534	-0.00552534	-0.0119699	-0.0119699	
0.473	1.35558e-17	-0.00553731	-0.00553731	-0.0119699	-0.0119699	
0.474	1.36407e-17	-0.00554928	-0.00554928	-0.0119699	-0.0119699	
0.475	1.37387e-17	-0.00556125	-0.00556125	-0.0119699	-0.0119699	
0.476	1.3827e-17	-0.00557322	-0.00557322	-0.0119699	-0.0119699	
0.477	1.39089e-17	-0.00558519	-0.00558519	-0.0119699	-0.0119699	
0.478	1.39877e-17	-0.00559716	-0.00559716	-0.0119699	-0.0119699	
0.479	1.40611e-17	-0.00560913	-0.00560913	-0.0119699	-0.0119699	
0.48	1.41497e-17	-0.0056211	-0.0056211	-0.0119699	-0.0119699	
0.481	1.42387e-17	-0.00563307	-0.00563307	-0.0119699	-0.0119699	
0.482	1.43259e-17	-0.00564504	-0.00564504	-0.0119699	-0.0119699	
0.483	1.44157e-17	-0.00565701	-0.00565701	-0.0119699	-0.0119699	
0.484	1.45084e-17	-0.00566898	-0.00566898	-0.0119699	-0.0119699	
0.485	1.46194e-17	-0.00568095	-0.00568095	-0.0119699	-0.0119699	
0.486	1.47246e-17	-0.00569292	-0.00569292	-0.0119699	-0.0119699	
0.487	1.48319e-17	-0.00570489	-0.00570489	-0.0119699	-0.0119699	
0.488	1.49342e-17	-0.00571686	-0.00571686	-0.0119699	-0.0119699	
0.489	1.50605e-17	-0.00572883	-0.00572883	-0.0119699	-0.0119699	
0.49	1.5198e-17	-0.0057408	-0.0057408	-0.0119699	-0.0119699	
0.491	1.53494e-17	-0.00575277	-0.00575277	-0.0119699	-0.0119699	
0.492	1.54873e-17	-0.00576474	-0.00576474	-0.0119699	-0.0119699	
0.493	1.56173e-17	-0.00577671	-0.00577671	-0.0119699	-0.0119699	
0.494	1.57523e-17	-0.00578868	-0.00578868	-0.0119699	-0.0119699	
0.495	1.58785e-17	-0.00580065	-0.00580065	-0.0119699	-0.0119699	
0.496	1.60063e-17	-0.00581262	-0.00581262	-0.0119699	-0.0119699	
0.497	1.61268e-17	-0.00582459	-0.00582459	-0.0119699	-0.0119699	
0.498	1.62446e-17	-0.00583656	-0.00583656	-0.0119699	-0.0119699	
0.499	1.63744e-17	-0.00584853	-0.00584853	-0.0119699	-0.0119699	
0.5	1.6511e-17	-0.0058605	-0.0058605	-0.0119699	-0.0119699	
0.501	1.66607e-17	-0.00587247	-0.00587247	-0.0119699	-0.0119699	
0.502	1.68025e-17	-0.00588444	-0.00588444	-0.0119699	-0.0119699	
0.503	1.69467e-17	-0.00589641	-0.00589641	-0.0119699	-0.0119699	
0.504	1.70915e-17	-0.00590838	-0.00590838	-0.0119699	-0.0119699	
0.505	1.72272e-17	-0.00592035	-0.00592035	-0.0119699	-0.0119699	
0.506	1.73577e-17	-0.00593232	-0.00593232	-0.0119699	-0.0119699	
0.507	1.74948e-17	-0.00594429	-0.00594429	-0.0119699	-0.0119699	
0.508	1.7632e-17	-0.00595626	-0.00595626	-0.0119699	-0.0119699	
0.509	1.77747e-17	-0.00596823	-0.00596823	-0.0119699	-0.0119699	
0.51	1.79058e-17	-0.0059802	-0.0059802	-0.0119699	-0.0119699	
0.511	1.80203e-17	-0.00599217	-0.00599217	-0.0119699	-0.0119699	
0.512	1.81279e-17	-0.00600414	-0.00600414	-0.0119699	-0.0119699	
0.513	1.82106e-17	-0.00601611	-0.00601611	-0.0119699	-0.0119699	
0.514	1.8317e-17	-0.00602808	-0.00602808	-0.0119699	-0.0119699	
0.515	1.8433e-17	-0.00604005	-0.00604005	-0.0119699	-0.0119699	
0.516	1.85438e-17	-0.00605202	-0.00605202	-0.0119699	-0.0119699	
0.517	1.86594e-17	-0.00606399	-0.00606399	-0.0119699	-0.0119699	
0.518	1.87805e-17	-0.00607596	-0.00607596	-0.0119699	-0.0119699	
0.519	1.89041e-17	-0.00608793	-0.00608793	-0.0119699	-0.0119699	
0.52	1.90201e-17	-0.0060999	-0.0060999	-0.0119699	-0.0119699	
0.521	1.91207e-17	-0.00611187	-0.00611187	-0.0119699	-0.0119699	
0.522	1.92061e-17	-0.00612384	-0.00612384	-0.0119699	-0.0119699	
0.523	1.92885e-17	-0.00613581	-0.00613581	-0.0119699	-0.0119699	
0.524	1.93609e-17	-0.00614778	-0.00614778	-0.0119699	-0.0119699	
0.525	1.94379e-17	-0.00615975	-0.00615975	-0.0119699	-0.0119699	
0.526	1.95312e-17	-0.00617172	-0.00617172	-0.0119699	-0.0119699	
0.527	1.96361e-17	-0.00618369	-0.00618369	-0.0119699	-0.0119699	
0.528	1.97328e-17	-0.00619566	-0.00619566	-0.0119699	-0.0119699	
0.529	1.98254e-17	-0.00620762	-0.00620762	-0.0119699	-0.0119699	
0.53	1.99028e-17	-0.00621959	-0.00621959	-0.0119699	-0.0119699	
0.531	1.99901e-17	-0.00623156	-0.00623156	-0.0119699	-0.0119699	
0.532	2.00921e-17	-0.00624353	-0.00624353	-0.0119699	-0.0119699	
0.533	2.01847e-17	-0.0062555	-0.0062555	-0.0119699	-0.0119699	
0.534	2.02798e-17	-0.00626747	-0.00626747	-0.0119699	-0.0119699	
0.535	2.03684e-17	-0.00627944	-0.00627944	-0.0119699	-0.0119699	
0.536	2.04392e-17	-0.00629141	-0.00629141	-0.0119699	-0.0119699	
0.537	2.05085e-17	-0.00630338	-0.00630338	-0.0119699	-0.0119699	
0.538	2.05794e-17	-0.00631535	-0.00631535	-0.0119699	-0.0119699	
0.539	2.06551e-17	-0.00632732	-0.00632732	-0.0119699	-0.0119699	
0.54	2.07266e-17	-0.00633929	-0.00633929	-0.0119699	-0.0119699	
0.541	2.07873e-17	-0.00635126	-0.00635126	-0.0119699	-0.0119699	
0.542	2.08506e-17	-0.00636323	-0.00636323	-0.0119699	-0.0119699	
0.543	2.09174e-17	-0.0063752	-0.0063752	-0.0119699	-0.0119699	
0.544	2.10018e-17	-0.00638717	-0.00638717	-0.0119699	-0.0119699	
0.545	2.10758e-17	-0.00639914	-0.00639914	-0.0119699	-0.0119699	
0.546	2.11401e-17	-0.00641111	-0.00641111	-0.0119699	-0.0119699	
0.547	2.12232e-17	-0.00642308	-0.00642308	-0.0119699	-0.0119699	
0.548	2.13076e-17	-0.00643505	-0.00643505	-0.0119699	-0.0119699	
0.549	2.1416e-17	-0.00644702	-0.00644702	-0.0119699	-0.0119699	
0.55	2.15059e-17	-0.00645899	-0.00645899	-0.0119699	-0.0119699	
0.551	2.15953e-17	-0.00647096	-0.00647096	-0.0119699	-0.0119699	
0.552	2.16926e-17	-0.00648293	-0.00648293	-0.0119699	-0.0119699	
0.553	2.17787e-17	-0.0064949	-0.0064949	-0.0119699	-0.0119699	
0.554	2.18715e-17	-0.00650687	-0.00650687	-0.0119699	-0.0119699	
0.555	2.19607e-17	-0.00651884	-0.00651884	-0.0119699	-0.0119699	
0.556	2.20348e-17	-0.00653081	-0.00653081	-0.0119699	-0.0119699	
0.557	2.21134e-17	-0.00654278	-0.00654278	-0.0119699	-0.0119699	
0.558	2.21748e-17	-0.00655475	-0.00655475	-0.0119699	-0.0119699	
0.559	2.22367e-17	-0.00656672	-0.00656672	-0.0119699	-0.0119699	
0.56	2.22889e-17	-0.00657869	-0.00657869	-0.0119699	-0.0119699	
0.561	2.23505e-17	-0.00659066	-0.00659066	-0.0119699	-0.0119699	
0.562	2.24176e-17	-0.00660263	-0.00660263	-0.0119699	-0.0119699	
0.563	2.24871e-17	-0.0066146	-0.0066146	-0.0119699	-0.0119699	
0.564	2.25509e-17	-0.00662657	-0.00662657	-0.0119699	-0.0119699	
0.565	2.2647e-17	-0.00663854	-0.00663854	-0.0119699	-0.0119699	
0.566	2.27339e-17	-0.00665051	-0.00665051	-0.0119699	-0.0119699	
0.567	2.28148e-17	-0.00666248	-0.00666248	-0.0119699	-0.0119699	
0.568	2.28959e-17	-0.00667445	-0.00667445	-0.0119699	-0.0119699	
0.569	2.29633e-17	-0.00668642	-0.00668642	-0.0119699	-0.0119699	
0.57	2.30279e-17	-0.00669839	-0.00669839	-0.0119699	-0.0119699	
0.571	2.30906e-17	-0.00671036	-0.00671036	-0.0119699	-0.0119699	
0.572	2.31582e-17	-0.00672233	-0.00672233	-0.0119699	-0.0119699	
0.573	2.32326e-17	-0.0067343	-0.0067343	-0.0119699	-0.0119699	
0.574	2.33018e-17	-0.00674627	-0.00674627	-0.0119699	-0.0119699	
0.575	2.33533e-17	-0.00675824	-0.00675824	-0.0119699	-0.0119699	
0.576	2.342e-17	-0.00677021	-0.00677021	-0.0119699	-0.0119699	
0.577	2.34797e-17	-0.00678218	-0.00678218	-0.0119699	-0.0119699	
0.578	2.35505e-17	-0.00679415	-0.00679415	-0.0119699	-0.0119699	
0.579	2.36303e-17	-0.00680612	-0.00680612	-0.0119699	-0.0119699	
0.58	2.37186e-17	-0.00681809	-0.00681809	-0.0119699	-0.0119699	
0.581	2.37988e-17	-0.00683006	-0.00683006	-0.0119699	-0.0119699	
0.582	2.38657e-17	-0.00684203	-0.00684203	-0.0119699	-0.0119699	
0.583	2.39328e-17	-0.006854	-0.006854	-0.0119699	-0.0119699	
0.584	2.40087e-17	-0.00686597	-0.00686597	-0.0119699	-0.0119699	
0.585	2.40776e-17	-0.00687794	-0.00687794	-0.0119699	-0.0119699	
0.586	2.41484e-17	-0.00688991	-0.00688991	-0.0119699	-0.0119699	
0.587	2.41888e-17	-0.00690188	-0.00690188	-0.0119699	-0.0119699	
0.588	2.42233e-17	-0.00691385	-0.00691385	-0.0119699	-0.0119699	
0.589	2.42378e-17	-0.00692582	-0.00692582	-0.0119699	-0.0119699	
0.59	2.42593e-17	-0.00693779	-0.00693779	-0.0119699	-0.0119699	
0.591	2.42827e-17	-0.00694976	-0.00694976	-0.0119699	-0.0119699	
0.592	2.4293e-17	-0.00696173	-0.00696173	-0.0119699	-0.0119699	
0.593	2.43095e-17	-0.0069737	-0.0069737	-0.0119699	-0.0119699	
0.594	2.43253e-17	-0.00698567	-0.00698567	-0.0119699	-0.0119699	
0.595	2.43433e-17	-0.00699764	-0.00699764	-0.0119699	-0.0119699	
0.596	2.43575e-17	-0.00700961	-0.00700961	-0.0119699	-0.0119699	
0.597	2.43582e-17	-0.00702158	-0.00702158	-0.0119699	-0.0119699	
0.598	2.43432e-17	-0.00703355	-0.00703355	-0.0119699	-0.0119699	
0.599	2.4323e-17	-0.00704552	-0.00704552	-0.0119699	-0.0119699	
0.6	2.43196e-17	-0.00705749	-0.00705749	-0.0119699	-0.0119699	
0.601	2.43138e-17	-0.00706946	-0.00706946	-0.0119699	-0.0119699	
0.602	2.43101e-17	-0.00708143	-0.00708143	-0.0119699	-0.0119699	
0.603	2.43176e-17	-0.0070934	-0.0070934	-0.0119699	-0.0119699	
0.604	2.42989e-17	-0.00710537	-0.00710537	-0.0119699	-0.0119699	
0.605	2.42943e-17	-0.00711734	-0.00711734	-0.0119699	-0.0119699	
0.606	2.43165e-17	-0.00712931	-0.00712931	-0.0119699	-0.0119699	
0.607	2.4334e-17	-0.00714128	-0.00714128	-0.0119699	-0.0119699	
0.608	2.43484e-17	-0.00715325	-0.00715325	-0.0119699	-0.0119699	
0.609	2.43575e-17	-0.00716522	-0.00716522	-0.0119699	-0.0119699	
0.61	2.43515e-17	-0.00717719	-0.00717719	-0.0119699	-0.0119699	
0.611	2.43241e-17	-0.00718916	-0.00718916	-0.0119699	-0.0119699	
0.612	2.42939e-17	-0.00720113	-0.00720113	-0.0119699	-0.0119699	
0.613	2.42806e-17	-0.0072131	-0.0072131	-0.0119699	-0.0119699	
0.614	2.42735e-17	-0.00722507	-0.00722507	-0.0119699	-0.0119699	
0.615	2.42555e-17	-0.00723704	-0.00723704	-0.0119699	-0.0119699	
0.616	2.42502e-17	-0.00724901	-0.00724901	-0.0119699	-0.0119699	
0.617	2.42463e-17	-0.00726098	-0.00726098	-0.0119699	-0.0119699	
0.618	2.42318e-17	-0.00727295	-0.00727295	-0.0119699	-0.0119699	
0.619	2.42256e-17	-0.00728492	-0.00728492	-0.0119699	-0.0119699	
0.62	2.42238e-17	-0.00729689	-0.00729689	-0.0119699	-0.0119699	
0.621	2.42213e-17	-0.00730886	-0.00730886	-0.0119699	-0.0119699	
0.622	2.42362e-17	-0.00732083	-0.00732083	-0.0119699	-0.0119699	
0.623	2.42767e-17	-0.0073328	-0.0073328	-0.0119699	-0.0119699	
0.624	2.43287e-17	-0.00734477	-0.00734477	-0.0119699	-0.0119699	
0.625	2.43829e-17	-0.00735674	-0.00735674	-0.0119699	-0.0119699	
0.626	2.44268e-17	-0.00736871	-0.00736871	-0.0119699	-0.0119699	
0.627	2.44457e-17	-0.00738067	-0.00738067	-0.0119699	-0.0119699	
0.628	2.44561e-17	-0.00739264	-0.00739264	-0.0119699	-0.0119699	
0.629	2.44607e-17	-0.00740461	-0.00740461	-0.0119699	-0.0119699	
0.63	2.44766e-17	-0.00741658	-0.00741658	-0.0119699	-0.0119699	
0.631	2.44922e-17	-0.00742855	-0.00742855	-0.0119699	-0.0119699	
0.632	2.45052e-17	-0.00744052	-0.00744052	-0.0119699	-0.0119699	
0.633	2.45235e-17	-0.00745249	-0.00745249	-0.0119699	-0.0119699	
0.634	2.45538e-17	-0.00746446	-0.00746446	-0.0119699	-0.0119699	
0.635	2.4589e-17	-0.00747643	-0.00747643	-0.0119699	-0.0119699	
0.636	2.46406e-17	-0.0074884	-0.0074884	-0.0119699	-0.0119699	
0.637	2.46915e-17	-0.00750037	-0.00750037	-0.0119699	-0.0119699	
0.638	2.47397e-17	-0.00751234	-0.00751234	-0.0119699	-0.0119699	
0.639	2.47976e-17	-0.00752431	-0.00752431	-0.0119699	-0.0119699	
0.64	2.48409e-17	-0.00753628	-0.00753628	-0.0119699	-0.0119699	
0.641	2.48819e-17	-0.00754825	-0.00754825	-0.0119699	-0.0119699	
0.642	2.49403e-17	-0.00756022	-0.00756022	-0.0119699	-0.0119699	
0.643	2.50061e-17	-0.00757219	-0.00757219	-0.0119699	-0.0119699	
0.644	2.50489e-17	-0.00758416	-0.00758416	-0.0119699	-0.0119699	
0.645	2.50741e-17	-0.00759613	-0.00759613	-0.0119699	-0.0119699	
0.646	2.50973e-17	-0.0076081	-0.0076081	-0.0119699	-0.0119699	
0.647	2.51266e-17	-0.00762007	-0.00762007	-0.0119699	-0.0119699	
0.648	2.51499e-17	-0.00763204	-0.00763204	-0.0119699	-0.0119699	
0.649	2.51758e-17	-0.00764401	-0.00764401	-0.0119699	-0.0119699	
0.65	2.51932e-17	-0.00765598	-0.00765598	-0.0119699	-0.0119699	
0.651	2.51909e-17	-0.00766795	-0.00766795	-0.0119699	-0.0119699	
0.652	2.51816e-17	-0.00767992	-0.00767992	-0.0119699	-0.0119699	
0.653	2.51848e-17	-0.00769189	-0.00769189	-0.0119699	-0.0119699	
0.654	2.51979e-17	-0.00770386	-0.00770386	-0.0119699	-0.0119699	
0.655	2.52089e-17	-0.00771583	-0.00771583	-0.0119699	-0.0119699	
0.656	2.52151e-17	-0.0077278	-0.0077278	-0.0119699	-0.0119699	
0.657	2.52183e-17	-0.00773977	-0.00773977	-0.0119699	-0.0119699	
0.658	2.52154e-17	-0.00775174	-0.00775174	-0.0119699	-0.0119699	
0.659	2.52118e-17	-0.00776371	-0.00776371	-0.0119699	-0.0119699	
0.66	2.51994e-17	-0.00777568	-0.00777568	-0.0119699	-0.0119699	
0.661	2.51906e-17	-0.00778765	-0.00778765	-0.0119699	-0.0119699	
0.662	2.51697e-17	-0.00779962	-0.00779962	-0.0119699	-0.0119699	
0.663	2.51439e-17	-0.00781159	-0.00781159	-0.0119699	-0.0119699	
0.664	2.51498e-17	-0.00782356	-0.00782356	-0.0119699	-0.0119699	
0.665	2.51625e-17	-0.00783553	-0.00783553	-0.0119699	-0.0119699	
0.666	2.51791e-17	-0.0078475	-0.0078475	-0.0119699	-0.0119699	
0.667	2.52066e-17	-0.00785947	-0.00785947	-0.0119699	-0.0119699	
0.668	2.52175e-17	-0.00787144	-0.00787144	-0.0119699	-0.0119699	
0.669	2.52412e-17	-0.00788341	-0.00788341	-0.0119699	-0.0119699	
0.67	2.52691e-17	-0.00789538	-0.00789538	-0.0119699	-0.0119699	
0.671	2.52731e-17	-0.00790735	-0.00790735	-0.0119699	-0.0119699	
0.672	2.5277e-17	-0.00791932	-0.00791932	-0.0119699	-0.0119699	
0.673	2.52963e-17	-0.00793129	-0.00793129	-0.0119699	-0.0119699	
0.674	2.53061e-17	-0.00794326	-0.00794326	-0.0119699	-0.0119699	
0.675	2.53162e-17	-0.00795523	-0.00795523	-0.0119699	-0.0119699	
0.676	2.53395e-17	-0.0079672	-0.0079672	-0.0119699	-0.0119699	
0.677	2.53871e-17	-0.00797917	-0.00797917	-0.0119699	-0.0119699	
0.678	2.54361e-17	-0.00799114	-0.00799114	-0.0119699	-0.0119699	
0.679	2.54957e-17	-0.00800311	-0.00800311	-0.0119699	-0.0119699	
0.68	2.55296e-17	-0.00801508	-0.00801508	-0.0119699	-0.0119699	
0.681	2.55708e-17	-0.00802705	-0.00802705	-0.0119699	-0.0119699	
0.682	2.55981e-17	-0.00803902	-0.00803902	-0.0119699	-0.0119699	
0.683	2.56324e-17	-0.00805099	-0.00805099	-0.0119699	-0.0119699	
0.684	2.5656e-17	-0.00806296	-0.00806296	-0.0119699	-0.0119699	
0.685	2.57033e-17	-0.00807493	-0.00807493	-0.0119699	-0.0119699	
0.686	2.57515e-17	-0.0080869	-0.0080869	-0.0119699	-0.0119699	
0.687	2.58205e-17	-0.00809887	-0.00809887	-0.0119699	-0.0119699	
0.688	2.5897e-17	-0.00811084	-0.00811084	-0.0119699	-0.0119699	
0.689	2.5971e-17	-0.00812281	-0.00812281	-0.0119699	-0.0119699	
0.69	2.60343e-17	-0.00813478	-0.00813478	-0.0119699	-0.0119699	
0.691	2.61001e-17	-0.00814675	-0.00814675	-0.0119699	-0.0119699	
0.692	2.61433e-17	-0.00815872	-0.00815872	-0.0119699	-0.0119699	
0.693	2.61793e-17	-0.00817069	-0.00817069	-0.0119699	-0.0119699	
0.694	2.61996e-17	-0.00818266	-0.00818266	-0.0119699	-0.0119699	
0.695	2.62232e-17	-0.00819463	-0.00819463	-0.0119699	-0.0119699	
0.696	2.62521e-17	-0.0082066	-0.0082066	-0.0119699	-0.0119699	
0.697	2.627e-17	-0.00821857	-0.00821857	-0.0119699	-0.0119699	
0.698	2.62968e-17	-0.00823054	-0.00823054	-0.0119699	-0.0119699	
0.699	2.6335e-17	-0.00824251	-0.00824251	-0.0119699	-0.0119699	
0.7	2.63796e-17	-0.00825448	-0.00825448	-0.0119699	-0.0119699	
0.701	2.64379e-17	-0.00826645	-0.00826645	-0.0119699	-0.0119699	
0.702	2.65017e-17	-0.00827842	-0.00827842	-0.0119699	-0.0119699	
0.703	2.65693e-17	-0.00829039	-0.00829039	-0.0119699	-0.0119699	
0.704	2.661e-17	-0.00830236	-0.00830236	-0.0119699	-0.0119699	
0.705	2.66673e-17	-0.00831433	-0.00831433	-0.0119699	-0.0119699	
0.706	2.67476e-17	-0.0083263	-0.0083263	-0.0119699	-0.0119699	
0.707	2.68363e-17	-0.00833827	-0.00833827	-0.0119699	-0.0119699	
0.708	2.69031e-17	-0.00835024	-0.00835024	-0.0119699	-0.0119699	
0.709	2.69768e-17	-0.00836221	-0.00836221	-0.0119699	-0.0119699	
0.71	2.70558e-17	-0.00837418	-0.00837418	-0.0119699	-0.0119699	
0.711	2.7161e-17	-0.00838615	-0.00838615	-0.0119699	-0.0119699	
0.712	2.72791e-17	-0.00839812	-0.00839812	-0.0119699	-0.0119699	
0.713	2.74066e-17	-0.00841009	-0.00841009	-0.0119699	-0.0119699	
0.714	2.75391e-17	-0.00842206	-0.00842206	-0.0119699	-0.0119699	
0.715	2.76862e-17	-0.00843403	-0.00843403	-0.0119699	-0.0119699	
0.716	2.78305e-17	-0.008446	-0.008446	-0.0119699	-0.0119699	
0.717	2.79732e-17	-0.00845797	-0.00845797	-0.0119699	-0.0119699	
0.718	2.81246e-17	-0.00846994	-0.00846994	-0.0119699	-0.0119699	
0.719	2.82614e-17	-0.00848191	-0.00848191	-0.0119699	-0.0119699	
0.72	2.83731e-17	-0.00849388	-0.00849388	-0.0119699	-0.0119699	
0.721	2.84642e-17	-0.00850585	-0.00850585	-0.0119699	-0.0119699	
0.722	2.85753e-17	-0.00851782	-0.00851782	-0.0119699	-0.0119699	
0.723	2.87088e-17	-0.00852979	-0.00852979	-0.0119699	-0.0119699	
0.724	2.88057e-17	-0.00854176	-0.00854176	-0.0119699	-0.0119699	
0.725	2.88866e-17	-0.00855372	-0.00855372	-0.0119699	-0.0119699	
0.726	2.89409e-17	-0.00856569	-0.00856569	-0.0119699	-0.0119699	
0.727	2.90043e-17	-0.00857766	-0.00857766	-0.0119699	-0.0119699	
0.728	2.90669e-17	-0.00858963	-0.00858963	-0.0119699	-0.0119699	
0.729	2.91312e-17	-0.0086016	-0.0086016	-0.0119699	-0.0119699	
0.73	2.92002e-17	-0.00861357	-0.00861357	-0.0119699	-0.0119699	
0.731	2.92767e-17	-0.00862554	-0.00862554	-0.0119699	-0.0119699	
0.732	2.94108e-17	-0.00863751	-0.00863751	-0.0119699	-0.0119699	
0.733	2.95361e-17	-0.00864948	-0.00864948	-0.0119699	-0.0119699	
0.734	2.96422e-17	-0.00866145	-0.00866145	-0.0119699	-0.0119699	
0.735	2.97433e-17	-0.00867342	-0.00867342	-0.0119699	-0.0119699	
0.736	2.98472e-17	-0.00868539	-0.00868539	-0.0119699	-0.0119699	
0.737	2.99655e-17	-0.00869736	-0.00869736	-0.0119699	-0.0119699	
0.738	3.00751e-17	-0.00870933	-0.00870933	-0.0119699	-0.0119699	
0.739	3.0197e-17	-0.0087213	-0.0087213	-0.0119699	-0.0119699	
0.74	3.03115e-17	-0.00873327	-0.00873327	-0.0119699	-0.0119699	
0.741	3.04411e-17	-0.00874524	-0.00874524	-0.0119699	-0.0119699	
0.742	3.05648e-17	-0.00875721	-0.00875721	-0.0119699	-0.0119699	
0.743	3.06835e-17	-0.00876918	-0.00876918	-0.0119699	-0.0119699	
0.744	3.07889e-17	-0.00878115	-0.00878115	-0.0119699	-0.0119699	
0.745	3.08926e-17	-0.00879312	-0.00879312	-0.0119699	-0.0119699	
0.746	3.10217e-17	-0.00880509	-0.00880509	-0.0119699	-0.0119699	
0.747	3.11569e-17	-0.00881706	-0.00881706	-0.0119699	-0.0119699	
0.748	3.12719e-17	-0.00882903	-0.00882903	-0.0119699	-0.0119699	
0.749	3.13507e-17	-0.008841	-0.008841	-0.0119699	-0.0119699	
0.75	3.14123e-17	-0.00885297	-0.00885297	-0.0119699	-0.0119699	
0.751	3.14953e-17	-0.00886494	-0.00886494	-0.0119699	-0.0119699	
0.752	3.15881e-17	-0.00887691	-0.00887691	-0.0119699	-0.0119699	
0.753	3.16728e-17	-0.00888888	-0.00888888	-0.0119699	-0.0119699	
0.754	3.1744e-17	-0.00890085	-0.00890085	-0.0119699	-0.0119699	
0.755	3.18283e-17	-0.00891282	-0.00891282	-0.0119699	-0.0119699	
0.756	3.19378e-17	-0.00892479	-0.00892479	-0.0119699	-0.0119699	
0.757	3.20453e-17	-0.00893676	-0.00893676	-0.0119699	-0.0119699	
0.758	3.2129e-17	-0.00894873	-0.00894873	-0.0119699	-0.0119699	
0.759	3.22094e-17	-0.0089607	-0.0089607	-0.0119699	-0.0119699	
0.76	3.22934e-17	-0.00897267	-0.00897267	-0.0119699	-0.0119699	
0.761	3.23747e-17	-0.00898464	-0.00898464	-0.0119699	-0.0119699	
0.762	3.24438e-17	-0.00899661	-0.00899661	-0.0119699	-0.0119699	
0.763	3.25025e-17	-0.00900858	-0.00900858	-0.0119699	-0.0119699	
0.764	3.25644e-17	-0.00902055	-0.00902055	-0.0119699	-0.0119699	
0.765	3.2628e-17	-0.00903252	-0.00903252	-0.0119699	-0.0119699	
0.766	3.27002e-17	-0.00904449	-0.00904449	-0.0119699	-0.0119699	
0.767	3.2792e-17	-0.00905646	-0.00905646	-0.0119699	-0.0119699	
0.768	3.28839e-17	-0.00906843	-0.00906843	-0.0119699	-0.0119699	
0.769	3.29488e-17	-0.0090804	-0.0090804	-0.0119699	-0.0119699	
0.77	3.30312e-17	-0.00909237	-0.00909237	-0.0119699	-0.0119699	
0.771	3.31278e-17	-0.00910434	-0.00910434	-0.0119699	-0.0119699	
0.772	3.32351e-17	-0.00911631	-0.00911631	-0.0119699	-0.0119699	
0.773	3.33414e-17	-0.00912828	-0.00912828	-0.0119699	-0.0119699	
0.774	3.34487e-17	-0.00914025	-0.00914025	-0.0119699	-0.0119699	
0.775	3.35777e-17	-0.00915222	-0.00915222	-0.0119699	-0.0119699	
0.776	3.37106e-17	-0.00916419	-0.00916419	-0.0119699	-0.0119699	
0.777	3.38262e-17	-0.00917616	-0.00917616	-0.0119699	-0.0119699	
0.778	3.39505e-17	-0.00918813	-0.00918813	-0.0119699	-0.0119699	
0.779	3.4078e-17	-0.0092001	-0.0092001	-0.0119699	-0.0119699	
0.78	3.42137e-17	-0.00921207	-0.00921207	-0.0119699	-0.0119699	
0.781	3.43485e-17	-0.00922404	-0.00922404	-0.0119699	-0.0119699	
0.782	3.45006e-17	-0.00923601	-0.00923601	-0.0119699	-0.0119699	
0.783	3.46255e-17	-0.00924798	-0.00924798	-0.0119699	-0.0119699	
0.784	3.47416e-17	-0.00925995	-0.00925995	-0.0119699	-0.0119699	
0.785	3.48577e-17	-0.00927192	-0.00927192	-0.0119699	-0.0119699	
0.786	3.49768e-17	-0.00928389	-0.00928389	-0.0119699	-0.0119699	
0.787	3.51009e-17	-0.00929586	-0.00929586	-0.0119699	-0.0119699	
0.788	3.52358e-17	-0.00930783	-0.00930783	-0.0119699	-0.0119699	
0.789	3.53836e-17	-0.0093198	-0.0093198	-0.0119699	-0.0119699	
0.79	3.55298e-17	-0.00933177	-0.00933177	-0.0119699	-0.0119699	
0.791	3.56682e-17	-0.00934374	-0.00934374	-0.0119699	-0.0119699	
0.792	3.58079e-17	-0.00935571	-0.00935571	-0.0119699	-0.0119699	
0.793	3.59576e-17	-0.00936768	-0.00936768	-0.0119699	-0.0119699	
0.794	3.60922e-17	-0.00937965	-0.00937965	-0.0119699	-0.0119699	
0.795	3.6228e-17	-0.00939162	-0.00939162	-0.0119699	-0.0119699	
0.796	3.63698e-17	-0.00940359	-0.00940359	-0.0119699	-0.0119699	
0.797	3.65158e-17	-0.00941556	-0.00941556	-0.0119699	-0.0119699	
0.798	3.66562e-17	-0.00942753	-0.00942753	-0.0119699	-0.0119699	
0.799	3.67848e-17	-0.0094395	-0.0094395	-0.0119699	-0.0119699	
0.8	3.69193e-17	-0.00945147	-0.00945147	-0.0119699	-0.0119699	
0.801	3.70345e-17	-0.00946344	-0.00946344	-0.0119699	-0.0119699	
0.802	3.7152e-17	-0.00947541	-0.00947541	-0.0119699	-0.0119699	
0.803	3.72563e-17	-0.00948738	-0.00948738	-0.0119699	-0.0119699	
0.804	3.73523e-17	-0.00949935	-0.00949935	-0.0119699	-0.0119699	
0.805	3.74425e-17	-0.00951132	-0.00951132	-0.0119699	-0.0119699	
0.806	3.75443e-17	-0.00952329	-0.00952329	-0.0119699	-0.0119699	
0.807	3.76699e-17	-0.00953526	-0.00953526	-0.0119699	-0.0119699	
0.808	3.77985e-17	-0.00954723	-0.00954723	-0.0119699	-0.0119699	
0.809	3.79296e-17	-0.0095592	-0.0095592	-0.0119699	-0.0119699	
0.81	3.8038e-17	-0.00957117	-0.00957117	-0.0119699	-0.0119699	
0.811	3.81289e-17	-0.00958314	-0.00958314	-0.0119699	-0.0119699	
0.812	3.82045e-17	-0.00959511	-0.00959511	-0.0119699	-0.0119699	
0.813	3.826e-17	-0.00960708	-0.00960708	-0.0119699	-0.0119699	
0.814	3.82981e-17	-0.00961905	-0.00961905	-0.0119699	-0.0119699	
0.815	3.83471e-17	-0.00963102	-0.00963102	-0.0119699	-0.0119699	
0.816	3.83696e-17	-0.00964299	-0.00964299	-0.0119699	-0.0119699	
0.817	3.83753e-17	-0.00965496	-0.00965496	-0.0119699	-0.0119699	
0.818	3.83843e-17	-0.00966693	-0.00966693	-0.0119699	-0.0119699	
0.819	3.83658e-17	-0.0096789	-0.0096789	-0.0119699	-0.0119699	
0.82	3.83745e-17	-0.00969087	-0.00969087	-0.0119699	-0.0119699	
0.821	3.83539e-17	-0.00970284	-0.00970284	-0.0119699	-0.0119699	
0.822	3.83108e-17	-0.00971481	-0.00971481	-0.0119699	-0.0119699	
0.823	3.82588e-17	-0.00972677	-0.00972677	-0.0119699	-0.0119699	
0.824	3.81862e-17	-0.00973874	-0.00973874	-0.0119699	-0.0119699	
0.825	3.81142e-17	-0.00975071	-0.00975071	-0.0119699	-0.0119699	
0.826	3.80729e-17	-0.00976268	-0.00976268	-0.0119699	-0.0119699	
0.827	3.80326e-17	-0.00977465	-0.00977465	-0.0119699	-0.0119699	
0.828	3.79788e-17	-0.00978662	-0.00978662	-0.0119699	-0.0119699	
0.829	3.79256e-17	-0.00979859	-0.00979859	-0.0119699	-0.0119699	
0.83	3.78715e-17	-0.00981056	-0.00981056	-0.0119699	-0.0119699	
0.831	3.78285e-17	-0.00982253	-0.00982253	-0.0119699	-0.0119699	
0.832	3.77811e-17	-0.0098345	-0.0098345	-0.0119699	-0.0119699	
0.833	3.77378e-17	-0.00984647	-0.00984647	-0.0119699	-0.0119699	
0.834	3.76781e-17	-0.00985844	-0.00985844	-0.0119699	-0.0119699	
0.835	3.76115e-17	-0.00987041	-0.00987041	-0.0119699	-0.0119699	
0.836	3.75506e-17	-0.00988238	-0.00988238	-0.0119699	-0.0119699	
0.837	3.74914e-17	-0.00989435	-0.00989435	-0.0119699	-0.0119699	
0.838	3.74497e-17	-0.00990632	-0.00990632	-0.0119699	-0.0119699	
0.839	3.74279e-17	-0.00991829	-0.00991829	-0.0119699	-0.0119699	
0.84	3.74241e-17	-0.00993026	-0.00993026	-0.0119699	-0.0119699	
0.841	3.74221e-17	-0.00994223	-0.00994223	-0.0119699	-0.0119699	
0.842	3.74345e-17	-0.0099542	-0.0099542	-0.0119699	-0.0119699	
0.843	3.74509e-17	-0.00996617	-0.00996617	-0.0119699	-0.0119699	
0.844	3.74561e-17	-0.00997814	-0.00997814	-0.0119699	-0.0119699	
0.845	3.74634e-17	-0.00999011	-0.00999011	-0.0119699	-0.0119699	
0.846	3.74699e-17	-0.0100021	-0.0100021	-0.0119699	-0.0119699	
0.847	3.74747e-17	-0.0100141	-0.0100141	-0.0119699	-0.0119699	
0.848	3.75124e-17	-0.010026	-0.010026	-0.0119699	-0.0119699	
0.849	3.75505e-17	-0.010038	-0.010038	-0.0119699	-0.0119699	
0.85	3.7589e-17	-0.01005	-0.01005	-0.0119699	-0.0119699	
0.851	3.76636e-17	-0.0100619	-0.0100619	-0.0119699	-0.0119699	
0.852	3.7738e-17	-0.0100739	-0.0100739	-0.0119699	-0.0119699	
0.853	3.78112e-17	-0.0100859	-0.0100859	-0.0119699	-0.0119699	
0.854	3.78575e-17	-0.0100978	-0.0100978	-0.0119699	-0.0119699	
0.855	3.78793e-17	-0.0101098	-0.0101098	-0.0119699	-0.0119699	
0.856	3.79037e-17	-0.0101218	-0.0101218	-0.0119699	-0.0119699	
0.857	3.79169e-17	-0.0101338	-0.0101338	-0.0119699	-0.0119699	
0.858	3.79229e-17	-0.0101457	-0.0101457	-0.0119699	-0.0119699	
0.859	3.79045e-17	-0.0101577	-0.0101577	-0.0119699	-0.0119699	
0.86	3.78687e-17	-0.0101697	-0.0101697	-0.0119699	-0.0119699	
0.861	3.78355e-17	-0.0101816	-0.0101816	-0.0119699	-0.0119699	
0.862	3.7811e-17	-0.0101936	-0.0101936	-0.0119699	-0.0119699	
0.863	3.78077e-17	-0.0102056	-0.0102056	-0.0119699	-0.0119699	
0.864	3.78309e-17	-0.0102175	-0.0102175	-0.0119699	-0.0119699	
0.865	3.78385e-17	-0.0102295	-0.0102295	-0.0119699	-0.0119699	
0.866	3.78252e-17	-0.0102415	-0.0102415	-0.0119699	-0.0119699	
0.867	3.78104e-17	-0.0102535	-0.0102535	-0.0119699	-0.0119699	
0.868	3.78061e-17	-0.0102654	-0.0102654	-0.0119699	-0.0119699	
0.869	3.77976e-17	-0.0102774	-0.0102774	-0.0119699	-0.0119699	
0.87	3.78028e-17	-0.0102894	-0.0102894	-0.0119699	-0.0119699	
0.871	3.78239e-17	-0.0103013	-0.0103013	-0.0119699	-0.0119699	
0.872	3.78639e-17	-0.0103133	-0.0103133	-0.0119699	-0.0119699	
0.873	3.79104e-17	-0.0103253	-0.0103253	-0.0119699	-0.0119699	
0.874	3.79643e-17	-0.0103372	-0.0103372	-0.0119699	-0.0119699	
0.875	3.79978e-17	-0.0103492	-0.0103492	-0.0119699	-0.0119699	
0.876	3.8025e-17	-0.0103612	-0.0103612	-0.0119699	-0.0119699	
0.877	3.8046e-17	-0.0103731	-0.0103731	-0.0119699	-0.0119699	
0.878	3.80699e-17	-0.0103851	-0.0103851	-0.0119699	-0.0119699	
0.879	3.80797e-17	-0.0103971	-0.0103971	-0.0119699	-0.0119699	
0.88	3.80802e-17	-0.0104091	-0.0104091	-0.0119699	-0.0119699	
0.881	3.80778e-17	-0.010421	-0.010421	-0.0119699	-0.0119699	
0.882	3.80854e-17	-0.010433	-0.010433	-0.0119699	-0.0119699	
0.883	3.80874e-17	-0.010445	-0.010445	-0.0119699	-0.0119699	
0.884	3.8104e-17	-0.0104569	-0.0104569	-0.0119699	-0.0119699	
0.885	3.81178e-17	-0.0104689	-0.0104689	-0.0119699	-0.0119699	
0.886	3.81424e-17	-0.0104809	-0.0104809	-0.0119699	-0.0119699	
0.887	3.8149e-17	-0.0104928	-0.0104928	-0.0119699	-0.0119699	
0.888	3.81475e-17	-0.0105048	-0.0105048	-0.0119699	-0.0119699	
0.889	3.81328e-17	-0.0105168	-0.0105168	-0.0119699	-0.0119699	
0.89	3.81199e-17	-0.0105288	-0.0105288	-0.0119699	-0.0119699	
0.891	3.81043e-17	-0.0105407	-0.0105407	-0.0119699	-0.0119699	
0.892	3.80805e-17	-0.0105527	-0.0105527	-0.0119699	-0.0119699	
0.893	3.80574e-17	-0.0105647	-0.0105647	-0.0119699	-0.0119699	
0.894	3.80314e-17	-0.0105766	-0.0105766	-0.0119699	-0.0119699	
0.895	3.79918e-17	-0.0105886	-0.0105886	-0.0119699	-0.0119699	
0.896	3.79645e-17	-0.0106006	-0.0106006	-0.0119699	-0.0119699	
0.897	3.79546e-17	-0.0106125	-0.0106125	-0.0119699	-0.0119699	
0.898	3.79385e-17	-0.0106245	-0.0106245	-0.0119699	-0.0119699	
0.899	3.79143e-17	-0.0106365	-0.0106365	-0.0119699	-0.0119699	
0.9	3.78989e-17	-0.0106485	-0.0106485	-0.0119699	-0.0119699	
0.901	3.78883e-17	-0.0106604	-0.0106604	-0.0119699	-0.0119699	
0.902	3.78735e-17	-0.0106724	-0.0106724	-0.0119699	-0.0119699	
0.903	3.78638e-17	-0.0106844	-0.0106844	-0.0119699	-0.0119699	
0.904	3.78536e-17	-0.0106963	-0.0106963	-0.0119699	-0.0119699	
0.905	3.78597e-17	-0.0107083	-0.0107083	-0.0119699	-0.0119699	
0.906	3.78481e-17	-0.0107203	-0.0107203	-0.0119699	-0.0119699	
0.907	3.78113e-17	-0.0107322	-0.0107322	-0.0119699	-0.0119699	
0.908	3.77894e-17	-0.0107442	-0.0107442	-0.0119699	-0.0119699	
0.909	3.778e-17	-0.0107562	-0.0107562	-0.0119699	-0.0119699	
0.91	3.77589e-17	-0.0107682	-0.0107682	-0.0119699	-0.0119699	
0.911	3.77409e-17	-0.0107801	-0.0107801	-0.0119699	-0.0119699	
0.912	3.77076e-17	-0.0107921	-0.0107921	-0.0119699	-0.0119699	
0.913	3.76824e-17	-0.0108041	-0.0108041	-0.0119699	-0.0119699	
0.914	3.76771e-17	-0.010816	-0.010816	-0.0119699	-0.0119699	
0.915	3.76493e-17	-0.010828	-0.010828	-0.0119699	-0.0119699	
0.916	3.76272e-17	-0.01084	-0.01084	-0.0119699	-0.0119699	
0.917	3.76263e-17	-0.0108519	-0.0108519	-0.0119699	-0.0119699	
0.918	3.76344e-17	-0.0108639	-0.0108639	-0.0119699	-0.0119699	
0.919	3.76479e-17	-0.0108759	-0.0108759	-0.0119699	-0.0119699	
0.92	3.76613e-17	-0.0108879	-0.0108879	-0.0119699	-0.0119699	
0.921	3.76779e-17	-0.0108998	-0.0108998	-0.0119699	-0.0119699	
0.922	3.76995e-17	-0.0109118	-0.0109118	-0.0119699	-0.0119699	
0.923	3.77018e-17	-0.0109238	-0.0109238	-0.0119699	-0.0119699	
0.924	3.77022e-17	-0.0109357	-0.0109357	-0.0119699	-0.0119699	
0.925	3.76888e-17	-0.0109477	-0.0109477	-0.0119699	-0.0119699	
0.926	3.76861e-17	-0.0109597	-0.0109597	-0.0119699	-0.0119699	
0.927	3.7692e-17	-0.0109716	-0.0109716	-0.0119699	-0.0119699	
0.928	3.76897e-17	-0.0109836	-0.0109836	-0.0119699	-0.0119699	
0.929	3.76946e-17	-0.0109956	-0.0109956	-0.0119699	-0.0119699	
0.93	3.77005e-17	-0.0110076	-0.0110076	-0.0119699	-0.0119699	
0.931	3.76959e-17	-0.0110195	-0.0110195	-0.0119699	-0.0119699	
0.932	3.76936e-17	-0.0110315	-0.0110315	-0.0119699	-0.0119699	
0.933	3.76884e-17	-0.0110435	-0.0110435	-0.0119699	-0.0119699	
0.934	3.76769e-17	-0.0110554	-0.0110554	-0.0119699	-0.0119699	
0.935	3.76727e-17	-0.0110674	-0.0110674	-0.0119699	-0.0119699	
0.936	3.7652e-17	-0.0110794	-0.0110794	-0.0119699	-0.0119699	
0.937	3.76305e-17	-0.0110913	-0.0110913	-0.0119699	-0.0119699	
0.938	3.76171e-17	-0.0111033	-0.0111033	-0.0119699	-0.0119699	
0.939	3.75896e-17	-0.0111153	-0.0111153	-0.0119699	-0.0119699	
0.94	3.75891e-17	-0.0111273	-0.0111273	-0.0119699	-0.0119699	
0.941	3.75876e-17	-0.0111392	-0.0111392	-0.0119699	-0.0119699	
0.942	3.7589e-17	-0.0111512	-0.0111512	-0.0119699	-0.0119699	
0.943	3.75969e-17	-0.0111632	-0.0111632	-0.0119699	-0.0119699	
0.944	3.75817e-17	-0.0111751	-0.0111751	-0.0119699	-0.0119699	
0.945	3.75543e-17	-0.0111871	-0.0111871	-0.0119699	-0.0119699	
0.946	3.75335e-17	-0.0111991	-0.0111991	-0.0119699	-0.0119699	
0.947	3.75397e-17	-0.011211	-0.011211	-0.0119699	-0.0119699	
0.948	3.75379e-17	-0.011223	-0.011223	-0.0119699	-0.0119699	
0.949	3.75616e-17	-0.011235	-0.011235	-0.0119699	-0.0119699	
0.95	3.75938e-17	-0.011247	-0.011247	-0.0119699	-0.0119699	
0.951	3.762e-17	-0.0112589	-0.0112589	-0.0119699	-0.0119699	
0.952	3.76466e-17	-0.0112709	-0.0112709	-0.0119699	-0.0119699	
0.953	3.76477e-17	-0.0112829	-0.0112829	-0.0119699	-0.0119699	
0.954	3.76374e-17	-0.0112948	-0.0112948	-0.0119699	-0.0119699	
0.955	3.76271e-17	-0.0113068	-0.0113068	-0.0119699	-0.0119699	
0.956	3.75968e-17	-0.0113188	-0.0113188	-0.0119699	-0.0119699	
0.957	3.7547e-17	-0.0113307	-0.0113307	-0.0119699	-0.0119699	
0.958	3.74767e-17	-0.0113427	-0.0113427	-0.0119699	-0.0119699	
0.959	3.7391e-17	-0.0113547	-0.0113547	-0.0119699	-0.0119699	
0.96	3.73151e-17	-0.0113667	-0.0113667	-0.0119699	-0.0119699	
0.961	3.72411e-17	-0.0113786	-0.0113786	-0.0119699	-0.0119699	
0.962	3.71356e-17	-0.0113906	-0.0113906	-0.0119699	-0.0119699	
0.963	3.70173e-17	-0.0114026	-0.0114026	-0.0119699	-0.0119699	
0.964	3.68906e-17	-0.0114145	-0.0114145	-0.0119699	-0.0119699	
0.965	3.67689e-17	-0.0114265	-0.0114265	-0.0119699	-0.0119699	
0.966	3.66442e-17	-0.0114385	-0.0114385	-0.0119699	-0.0119699	
0.967	3.65235e-17	-0.0114504	-0.0114504	-0.0119699	-0.0119699	
0.968	3.64135e-17	-0.0114624	-0.0114624	-0.0119699	-0.0119699	
0.969	3.63141e-17	-0.0114744	-0.0114744	-0.0119699	-0.0119699	
0.97	3.62142e-17	-0.0114863	-0.0114863	-0.0119699	-0.0119699	
0.971	3.61386e-17	-0.0114983	-0.0114983	-0.0119699	-0.0119699	
0.972	3.60583e-17	-0.0115103	-0.0115103	-0.0119699	-0.0119699	
0.973	3.59984e-17	-0.0115223	-0.0115223	-0.0119699	-0.0119699	
0.974	3.59366e-17	-0.0115342	-0.0115342	-0.0119699	-0.0119699	
0.975	3.59006e-17	-0.0115462	-0.0115462	-0.0119699	-0.0119699	
0.976	3.58433e-17	-0.0115582	-0.0115582	-0.0119699	-0.0119699	
0.977	3.57914e-17	-0.0115701	-0.0115701	-0.0119699	-0.0119699	
0.978	3.57492e-17	-0.0115821	-0.0115821	-0.0119699	-0.0119699	
0.979	3.57121e-17	-0.0115941	-0.0115941	-0.0119699	-0.0119699	
0.98	3.56599e-17	-0.011606	-0.011606	-0.0119699	-0.0119699	
0.981	3.55932e-17	-0.011618	-0.011618	-0.0119699	-0.0119699	
0.982	3.55297e-17	-0.01163	-0.01163	-0.0119699	-0.0119699	
0.983	3.54697e-17	-0.011642	-0.011642	-0.0119699	-0.0119699	
0.984	3.54037e-17	-0.0116539	-0.0116539	-0.0119699	-0.0119699	
0.985	3.53334e-17	-0.0116659	-0.0116659	-0.0119699	-0.0119699	
0.986	3.52699e-17	-0.0116779	-0.0116779	-0.0119699	-0.0119699	
0.987	3.51978e-17	-0.0116898	-0.0116898	-0.0119699	-0.0119699	
0.988	3.51355e-17	-0.0117018	-0.0117018	-0.0119699	-0.0119699	
0.989	3.50777e-17	-0.0117138	-0.0117138	-0.0119699	-0.0119699	
0.99	3.50249e-17	-0.0117257	-0.0117257	-0.0119699	-0.0119699	
0.991	3.49944e-17	-0.0117377	-0.0117377	-0.0119699	-0.0119699	
0.992	3.49792e-17	-0.0117497	-0.0117497	-0.0119699	-0.0119699	
0.993	3.49555e-17	-0.0117617	-0.0117617	-0.0119699	-0.0119699	
0.994	3.49295e-17	-0.0117736	-0.0117736	-0.0119699	-0.0119699	
0.995	3.49077e-17	-0.0117856	-0.0117856	-0.0119699	-0.0119699	
0.996	3.48886e-17	-0.0117976	-0.0117976	-0.0119699	-0.0119699	
0.997	3.4877e-17	-0.0118095	-0.0118095	-0.0119699	-0.0119699	
0.998	3.4854e-17	-0.0118215	-0.0118215	-0.0119699	-0.0119699	
0.999	3.48207e-17	-0.0118335	-0.0118335	-0.0119699	-0.0119699	
