0	0	0	0	0	
0.001	1.41305e-07	-1.44783e-07	0.00028261	-0.000289566	
0.002	5.651e-07	-5.79122e-07	0.00056498	-0.000579113	
0.003	1.27108e-06	-1.303e-06	0.000846974	-0.000868638	
0.004	2.2588e-06	-2.31638e-06	0.00112847	-0.00115813	
0.005	3.52772e-06	-3.61925e-06	0.00140937	-0.0014476	
0.006	5.07719e-06	-5.21156e-06	0.00168958	-0.00173702	
0.007	6.9065e-06	-7.09326e-06	0.00196903	-0.0020264	
0.008	9.01485e-06	-9.26432e-06	0.00224768	-0.00231572	
0.009	1.14015e-05	-1.17247e-05	0.00252552	-0.002605	
0.01	1.40655e-05	-1.44743e-05	0.00280254	-0.00289421	
0.011	1.70061e-05	-1.75131e-05	0.00307876	-0.00318336	
0.012	2.02226e-05	-2.0841e-05	0.00335425	-0.00347245	
0.013	2.37143e-05	-2.44579e-05	0.00362905	-0.00376146	
0.014	2.74804e-05	-2.83639e-05	0.00390326	-0.00405039	
0.015	3.15205e-05	-3.25587e-05	0.00417697	-0.00433925	
0.016	3.58342e-05	-3.70423e-05	0.00445029	-0.00462802	
0.017	4.0421e-05	-4.18147e-05	0.00472334	-0.0049167	
0.018	4.52808e-05	-4.68757e-05	0.00499624	-0.0052053	
0.019	5.04135e-05	-5.22252e-05	0.00526912	-0.0054938	
0.02	5.58191e-05	-5.78632e-05	0.00554207	-0.0057822	
0.021	6.14977e-05	-6.37896e-05	0.00581523	-0.00607049	
0.022	6.74497e-05	-7.00041e-05	0.00608869	-0.00635868	
0.023	7.36753e-05	-7.65069e-05	0.00636254	-0.00664676	
0.024	8.0175e-05	-8.32976e-05	0.00663684	-0.00693473	
0.025	8.69492e-05	-9.03763e-05	0.00691167	-0.00722258	
0.026	9.39986e-05	-9.77427e-05	0.00718704	-0.0075103	
0.027	0.000101324	-0.000105397	0.00746298	-0.0077979	
0.028	0.000108925	-0.000113338	0.00773949	-0.00808536	
0.029	0.000116803	-0.000121567	0.00801655	-0.00837269	
0.03	0.000124958	-0.000130084	0.0082941	-0.00865987	
0.031	0.000133391	-0.000138887	0.0085721	-0.00894691	
0.032	0.000142103	-0.000147977	0.00885047	-0.0092338	
0.033	0.000151092	-0.000157355	0.00912912	-0.00952053	
0.034	0.000160361	-0.000167018	0.00940796	-0.00980711	
0.035	0.000169908	-0.000176969	0.00968688	-0.0100935	
0.036	0.000179735	-0.000187205	0.00996578	-0.0103797	
0.037	0.00018984	-0.000197728	0.0102445	-0.0106658	
0.038	0.000200224	-0.000208537	0.0105231	-0.0109517	
0.039	0.000210886	-0.000219631	0.0108012	-0.0112373	
0.04	0.000221826	-0.000231011	0.011079	-0.0115228	
0.041	0.000233043	-0.000242677	0.0113562	-0.0118081	
0.042	0.000244538	-0.000254628	0.0116328	-0.0120932	
0.043	0.000256309	-0.000266863	0.0119088	-0.0123781	
0.044	0.000268355	-0.000279384	0.0121841	-0.0126628	
0.045	0.000280677	-0.000292189	0.0124586	-0.0129472	
0.046	0.000293272	-0.000305278	0.0127325	-0.0132314	
0.047	0.000306141	-0.000318651	0.0130056	-0.0135154	
0.048	0.000319283	-0.000332309	0.013278	-0.0137992	
0.049	0.000332697	-0.00034625	0.0135498	-0.0140827	
0.05	0.000346382	-0.000360474	0.013821	-0.014366	
0.051	0.000360338	-0.000374982	0.0140916	-0.0146491	
0.052	0.000374565	-0.000389772	0.0143618	-0.0149319	
0.053	0.000389062	-0.000404845	0.0146316	-0.0152145	
0.054	0.000403828	-0.000420201	0.0149011	-0.0154968	
0.055	0.000418864	-0.000435839	0.0151705	-0.0157788	
0.056	0.000434169	-0.000451759	0.0154397	-0.0160606	
0.057	0.000449743	-0.00046796	0.0157088	-0.0163421	
0.058	0.000465587	-0.000484443	0.0159781	-0.0166233	
0.059	0.000481699	-0.000501206	0.0162474	-0.0169043	
0.06	0.000498082	-0.000518251	0.0165169	-0.017185	
0.061	0.000514733	-0.000535576	0.0167866	-0.0174654	
0.062	0.000531655	-0.000553182	0.0170566	-0.0177455	
0.063	0.000548847	-0.000571067	0.0173268	-0.0180254	
0.064	0.000566309	-0.000589232	0.0175973	-0.0183049	
0.065	0.000584041	-0.000607677	0.0178681	-0.0185841	
0.066	0.000602045	-0.0006264	0.0181391	-0.0188631	
0.067	0.00062032	-0.000645403	0.0184103	-0.0191417	
0.068	0.000638866	-0.000664684	0.0186817	-0.01942	
0.069	0.000657683	-0.000684243	0.0189531	-0.019698	
0.07	0.000676772	-0.00070408	0.0192246	-0.0199757	
0.071	0.000696132	-0.000724194	0.019496	-0.020253	
0.072	0.000715764	-0.000744585	0.0197674	-0.02053	
0.073	0.000735667	-0.000765254	0.0200385	-0.0208067	
0.074	0.000755841	-0.000786199	0.0203093	-0.021083	
0.075	0.000776285	-0.00080742	0.0205797	-0.021359	
0.076	0.000797	-0.000828916	0.0208498	-0.0216346	
0.077	0.000817985	-0.000850689	0.0211193	-0.0219099	
0.078	0.000839238	-0.000872736	0.0213882	-0.0221848	
0.079	0.000860761	-0.000895058	0.0216566	-0.0224594	
0.08	0.000882551	-0.000917655	0.0219243	-0.0227335	
0.081	0.000904609	-0.000940525	0.0221913	-0.0230073	
0.082	0.000926933	-0.000963669	0.0224577	-0.0232807	
0.083	0.000949524	-0.000987086	0.0227234	-0.0235538	
0.084	0.00097238	-0.00101078	0.0229884	-0.0238264	
0.085	0.0009955	-0.00103474	0.0232527	-0.0240987	
0.086	0.00101888	-0.00105897	0.0235164	-0.0243705	
0.087	0.00104253	-0.00108348	0.0237796	-0.024642	
0.088	0.00106644	-0.00110826	0.0240423	-0.024913	
0.089	0.00109062	-0.00113331	0.0243044	-0.0251837	
0.09	0.00111505	-0.00115862	0.0245662	-0.0254539	
0.091	0.00113975	-0.00118421	0.0248276	-0.0257237	
0.092	0.00116471	-0.00121007	0.0250888	-0.0259931	
0.093	0.00118993	-0.0012362	0.0253497	-0.0262621	
0.094	0.00121541	-0.0012626	0.0256104	-0.0265306	
0.095	0.00124115	-0.00128926	0.0258711	-0.0267987	
0.096	0.00126715	-0.00131619	0.0261317	-0.0270664	
0.097	0.00129341	-0.00134339	0.0263922	-0.0273336	
0.098	0.00131993	-0.00137086	0.0266528	-0.0276004	
0.099	0.00134672	-0.00139859	0.0269134	-0.0278667	
0.1	0.00137376	-0.00142659	0.027174	-0.0281326	
0.101	0.00140106	-0.00145486	0.0274346	-0.0283981	
0.102	0.00142863	-0.00148339	0.0276953	-0.028663	
0.103	0.00145646	-0.00151218	0.0279559	-0.0289276	
0.104	0.00148454	-0.00154124	0.0282165	-0.0291916	
0.105	0.00151289	-0.00157057	0.028477	-0.0294552	
0.106	0.0015415	-0.00160015	0.0287374	-0.0297183	
0.107	0.00157036	-0.00163	0.0289976	-0.0299809	
0.108	0.00159949	-0.00166012	0.0292576	-0.030243	
0.109	0.00162888	-0.00169049	0.0295173	-0.0305046	
0.11	0.00165852	-0.00172112	0.0297766	-0.0307658	
0.111	0.00168843	-0.00175202	0.0300355	-0.0310264	
0.112	0.0017186	-0.00178318	0.0302939	-0.0312865	
0.113	0.00174902	-0.00181459	0.0305518	-0.0315462	
0.114	0.0017797	-0.00184627	0.0308092	-0.0318053	
0.115	0.00181064	-0.0018782	0.0310659	-0.0320639	
0.116	0.00184183	-0.0019104	0.031322	-0.0323219	
0.117	0.00187328	-0.00194285	0.0315775	-0.0325795	
0.118	0.00190499	-0.00197556	0.0318323	-0.0328365	
0.119	0.00193694	-0.00200852	0.0320864	-0.033093	
0.12	0.00196916	-0.00204174	0.0323398	-0.0333489	
0.121	0.00200162	-0.00207522	0.0325925	-0.0336043	
0.122	0.00203434	-0.00210895	0.0328446	-0.0338592	
0.123	0.00206731	-0.00214294	0.0330961	-0.0341135	
0.124	0.00210053	-0.00217718	0.033347	-0.0343672	
0.125	0.00213401	-0.00221167	0.0335973	-0.0346204	
0.126	0.00216773	-0.00224642	0.0338471	-0.0348731	
0.127	0.0022017	-0.00228142	0.0340965	-0.0351251	
0.128	0.00223592	-0.00231667	0.0343455	-0.0353766	
0.129	0.00227039	-0.00235217	0.034594	-0.0356275	
0.13	0.00230511	-0.00238792	0.0348423	-0.0358779	
0.131	0.00234008	-0.00242392	0.0350902	-0.0361277	
0.132	0.00237529	-0.00246018	0.0353379	-0.0363768	
0.133	0.00241075	-0.00249668	0.0355854	-0.0366254	
0.134	0.00244646	-0.00253343	0.0358327	-0.0368735	
0.135	0.00248242	-0.00257042	0.0360798	-0.0371209	
0.136	0.00251862	-0.00260767	0.0363267	-0.0373677	
0.137	0.00255507	-0.00264516	0.0365734	-0.0376139	
0.138	0.00259177	-0.0026829	0.03682	-0.0378595	
0.139	0.00262871	-0.00272088	0.0370663	-0.0381045	
0.14	0.0026659	-0.0027591	0.0373125	-0.0383489	
0.141	0.00270333	-0.00279758	0.0375584	-0.0385927	
0.142	0.00274102	-0.00283629	0.037804	-0.0388358	
0.143	0.00277894	-0.00287525	0.0380493	-0.0390783	
0.144	0.00281711	-0.00291445	0.0382943	-0.0393202	
0.145	0.00285553	-0.00295389	0.0385389	-0.0395615	
0.146	0.00289419	-0.00299357	0.038783	-0.0398021	
0.147	0.0029331	-0.00303349	0.0390267	-0.0400421	
0.148	0.00297224	-0.00307365	0.0392698	-0.0402814	
0.149	0.00301164	-0.00311405	0.0395124	-0.0405201	
0.15	0.00305127	-0.00315469	0.0397543	-0.0407581	
0.151	0.00309114	-0.00319557	0.0399957	-0.0409955	
0.152	0.00313126	-0.00323668	0.0402363	-0.0412322	
0.153	0.00317162	-0.00327803	0.0404764	-0.0414682	
0.154	0.00321221	-0.00331962	0.0407157	-0.0417036	
0.155	0.00325305	-0.00336144	0.0409543	-0.0419382	
0.156	0.00329412	-0.00340349	0.0411922	-0.0421723	
0.157	0.00333543	-0.00344578	0.0414294	-0.0424056	
0.158	0.00337698	-0.00348831	0.0416659	-0.0426382	
0.159	0.00341876	-0.00353106	0.0419017	-0.0428702	
0.16	0.00346078	-0.00357405	0.0421369	-0.0431015	
0.161	0.00350304	-0.00361726	0.0423715	-0.0433321	
0.162	0.00354553	-0.00366071	0.0426055	-0.0435619	
0.163	0.00358825	-0.00370439	0.0428389	-0.0437911	
0.164	0.0036312	-0.00374829	0.0430717	-0.0440196	
0.165	0.00367439	-0.00379242	0.0433041	-0.0442473	
0.166	0.00371781	-0.00383679	0.043536	-0.0444744	
0.167	0.00376146	-0.00388137	0.0437675	-0.0447007	
0.168	0.00380535	-0.00392619	0.0439985	-0.0449263	
0.169	0.00384946	-0.00397123	0.0442292	-0.0451512	
0.17	0.0038938	-0.00401649	0.0444594	-0.0453754	
0.171	0.00393838	-0.00406198	0.0446894	-0.0455988	
0.172	0.00398318	-0.00410769	0.0449189	-0.0458215	
0.173	0.00402822	-0.00415362	0.0451482	-0.0460435	
0.174	0.00407348	-0.00419977	0.045377	-0.0462647	
0.175	0.00411897	-0.00424615	0.0456056	-0.0464852	
0.176	0.00416469	-0.00429274	0.0458337	-0.046705	
0.177	0.00421064	-0.00433956	0.0460615	-0.046924	
0.178	0.00425681	-0.00438659	0.0462889	-0.0471422	
0.179	0.00430321	-0.00443384	0.0465158	-0.0473597	
0.18	0.00434984	-0.00448131	0.0467423	-0.0475764	
0.181	0.0043967	-0.00452899	0.0469683	-0.0477924	
0.182	0.00444378	-0.00457689	0.0471937	-0.0480076	
0.183	0.00449109	-0.00462501	0.0474186	-0.048222	
0.184	0.00453862	-0.00467334	0.0476429	-0.0484356	
0.185	0.00458637	-0.00472188	0.0478666	-0.0486485	
0.186	0.00463435	-0.00477063	0.0480896	-0.0488606	
0.187	0.00468255	-0.0048196	0.048312	-0.0490719	
0.188	0.00473097	-0.00486878	0.0485337	-0.0492824	
0.189	0.00477962	-0.00491816	0.0487546	-0.0494921	
0.19	0.00482848	-0.00496776	0.0489749	-0.049701	
0.191	0.00487757	-0.00501757	0.0491944	-0.0499091	
0.192	0.00492687	-0.00506758	0.0494131	-0.0501164	
0.193	0.00497639	-0.0051178	0.0496312	-0.050323	
0.194	0.00502613	-0.00516822	0.0498484	-0.0505287	
0.195	0.00507609	-0.00521886	0.050065	-0.0507336	
0.196	0.00512626	-0.00526969	0.0502808	-0.0509376	
0.197	0.00517665	-0.00532073	0.050496	-0.0511409	
0.198	0.00522725	-0.00537197	0.0507105	-0.0513433	
0.199	0.00527807	-0.00542342	0.0509243	-0.0515449	
0.2	0.0053291	-0.00547506	0.0511375	-0.0517457	
0.201	0.00538035	-0.00552691	0.05135	-0.0519457	
0.202	0.0054318	-0.00557895	0.051562	-0.0521448	
0.203	0.00548347	-0.0056312	0.0517734	-0.0523431	
0.204	0.00553535	-0.00568364	0.0519843	-0.0525405	
0.205	0.00558744	-0.00573628	0.0521946	-0.0527371	
0.206	0.00563974	-0.00578911	0.0524045	-0.0529329	
0.207	0.00569225	-0.00584214	0.0526138	-0.0531278	
0.208	0.00574496	-0.00589537	0.0528226	-0.0533219	
0.209	0.00579789	-0.00594879	0.053031	-0.0535151	
0.21	0.00585103	-0.0060024	0.0532389	-0.0537074	
0.211	0.00590437	-0.0060562	0.0534462	-0.0538989	
0.212	0.00595792	-0.00611019	0.0536531	-0.0540895	
0.213	0.00601167	-0.00616438	0.0538594	-0.0542793	
0.214	0.00606564	-0.00621875	0.0540653	-0.0544682	
0.215	0.0061198	-0.00627331	0.0542706	-0.0546562	
0.216	0.00617418	-0.00632806	0.0544753	-0.0548433	
0.217	0.00622876	-0.006383	0.0546794	-0.0550296	
0.218	0.00628354	-0.00643812	0.0548829	-0.055215	
0.219	0.00633852	-0.00649343	0.0550858	-0.0553995	
0.22	0.00639371	-0.00654892	0.055288	-0.0555831	
0.221	0.0064491	-0.0066046	0.0554896	-0.0557658	
0.222	0.00650469	-0.00666045	0.0556904	-0.0559476	
0.223	0.00656048	-0.00671649	0.0558906	-0.0561286	
0.224	0.00661647	-0.00677271	0.0560899	-0.0563086	
0.225	0.00667266	-0.00682911	0.0562885	-0.0564877	
0.226	0.00672904	-0.00688568	0.0564864	-0.0566659	
0.227	0.00678563	-0.00694244	0.0566835	-0.0568432	
0.228	0.00684241	-0.00699937	0.0568798	-0.0570196	
0.229	0.00689939	-0.00705648	0.0570753	-0.0571951	
0.23	0.00695656	-0.00711376	0.05727	-0.0573697	
0.231	0.00701393	-0.00717122	0.0574639	-0.0575434	
0.232	0.00707149	-0.00722885	0.0576571	-0.0577161	
0.233	0.00712924	-0.00728665	0.0578495	-0.0578879	
0.234	0.00718719	-0.00734462	0.0580412	-0.0580588	
0.235	0.00724532	-0.00740277	0.0582321	-0.0582287	
0.236	0.00730365	-0.00746108	0.0584223	-0.0583977	
0.237	0.00736217	-0.00751956	0.0586119	-0.0585658	
0.238	0.00742087	-0.00757821	0.0588007	-0.0587329	
0.239	0.00747977	-0.00763703	0.0589888	-0.0588991	
0.24	0.00753885	-0.00769601	0.0591763	-0.0590644	
0.241	0.00759812	-0.00775515	0.0593632	-0.0592287	
0.242	0.00765758	-0.00781446	0.0595494	-0.0593921	
0.243	0.00771722	-0.00787394	0.059735	-0.0595545	
0.244	0.00777705	-0.00793357	0.05992	-0.059716	
0.245	0.00783706	-0.00799337	0.0601044	-0.0598765	
0.246	0.00789726	-0.00805333	0.0602882	-0.060036	
0.247	0.00795764	-0.00811344	0.0604714	-0.0601946	
0.248	0.0080182	-0.00817371	0.0606539	-0.0603523	
0.249	0.00807894	-0.00823415	0.0608359	-0.0605089	
0.25	0.00813987	-0.00829473	0.0610172	-0.0606646	
0.251	0.00820098	-0.00835547	0.0611978	-0.0608194	
0.252	0.00826226	-0.00841637	0.0613778	-0.0609731	
0.253	0.00832373	-0.00847742	0.0615571	-0.0611259	
0.254	0.00838538	-0.00853862	0.0617358	-0.0612777	
0.255	0.0084472	-0.00859997	0.0619137	-0.0614286	
0.256	0.00850921	-0.00866148	0.0620909	-0.0615784	
0.257	0.00857139	-0.00872313	0.0622674	-0.0617273	
0.258	0.00863374	-0.00878493	0.0624431	-0.0618751	
0.259	0.00869627	-0.00884688	0.062618	-0.062022	
0.26	0.00875898	-0.00890898	0.0627921	-0.0621679	
0.261	0.00882185	-0.00897122	0.0629654	-0.0623128	
0.262	0.00888491	-0.0090336	0.063138	-0.0624567	
0.263	0.00894813	-0.00909613	0.0633096	-0.0625996	
0.264	0.00901153	-0.0091588	0.0634805	-0.0627415	
0.265	0.00907509	-0.00922161	0.0636505	-0.0628824	
0.266	0.00913883	-0.00928456	0.0638198	-0.0630223	
0.267	0.00920273	-0.00934766	0.0639881	-0.0631612	
0.268	0.0092668	-0.00941089	0.0641557	-0.0632991	
0.269	0.00933104	-0.00947425	0.0643224	-0.0634359	
0.27	0.00939545	-0.00953776	0.0644883	-0.0635718	
0.271	0.00946002	-0.0096014	0.0646535	-0.0637066	
0.272	0.00952475	-0.00966517	0.0648178	-0.0638404	
0.273	0.00958965	-0.00972908	0.0649814	-0.0639732	
0.274	0.00965472	-0.00979312	0.0651441	-0.064105	
0.275	0.00971994	-0.00985729	0.0653062	-0.0642357	
0.276	0.00978533	-0.00992159	0.0654675	-0.0643655	
0.277	0.00985087	-0.00998602	0.065628	-0.0644942	
0.278	0.00991658	-0.0100506	0.0657878	-0.0646218	
0.279	0.00998245	-0.0101153	0.065947	-0.0647484	
0.28	0.0100485	-0.0101801	0.0661054	-0.064874	
0.281	0.0101147	-0.010245	0.066263	-0.0649986	
0.282	0.010181	-0.0103101	0.06642	-0.0651221	
0.283	0.0102475	-0.0103753	0.0665763	-0.0652446	
0.284	0.0103142	-0.0104406	0.0667319	-0.0653661	
0.285	0.010381	-0.010506	0.0668867	-0.0654865	
0.286	0.0104479	-0.0105715	0.0670408	-0.0656058	
0.287	0.010515	-0.0106372	0.0671943	-0.0657241	
0.288	0.0105823	-0.010703	0.0673469	-0.0658414	
0.289	0.0106497	-0.0107689	0.0674988	-0.0659576	
0.29	0.0107173	-0.0108349	0.06765	-0.0660728	
0.291	0.010785	-0.010901	0.0678004	-0.0661869	
0.292	0.0108529	-0.0109673	0.0679499	-0.0662999	
0.293	0.0109209	-0.0110336	0.0680987	-0.0664119	
0.294	0.0109891	-0.0111001	0.0682467	-0.0665228	
0.295	0.0110574	-0.0111667	0.0683938	-0.0666327	
0.296	0.0111259	-0.0112334	0.0685401	-0.0667415	
0.297	0.0111945	-0.0113001	0.0686856	-0.0668492	
0.298	0.0112633	-0.0113671	0.0688302	-0.0669559	
0.299	0.0113322	-0.0114341	0.068974	-0.0670615	
0.3	0.0114012	-0.0115012	0.0691168	-0.067166	
0.301	0.0114704	-0.0115684	0.0692588	-0.0672695	
0.302	0.0115397	-0.0116357	0.0694	-0.0673719	
0.303	0.0116092	-0.0117031	0.0695402	-0.0674732	
0.304	0.0116788	-0.0117707	0.0696796	-0.0675734	
0.305	0.0117486	-0.0118383	0.0698181	-0.0676726	
0.306	0.0118184	-0.011906	0.0699558	-0.0677706	
0.307	0.0118885	-0.0119738	0.0700926	-0.0678676	
0.308	0.0119586	-0.0120417	0.0702285	-0.0679635	
0.309	0.0120289	-0.0121097	0.0703636	-0.0680584	
0.31	0.0120994	-0.0121779	0.0704979	-0.0681521	
0.311	0.0121699	-0.0122461	0.0706313	-0.0682448	
0.312	0.0122406	-0.0123143	0.070764	-0.0683363	
0.313	0.0123115	-0.0123827	0.0708958	-0.0684268	
0.314	0.0123824	-0.0124512	0.0710268	-0.0685162	
0.315	0.0124535	-0.0125198	0.0711571	-0.0686045	
0.316	0.0125247	-0.0125884	0.0712865	-0.0686917	
0.317	0.0125961	-0.0126571	0.0714151	-0.0687778	
0.318	0.0126676	-0.012726	0.071543	-0.0688628	
0.319	0.0127392	-0.0127949	0.0716701	-0.0689467	
0.32	0.0128109	-0.0128639	0.0717964	-0.0690295	
0.321	0.0128828	-0.0129329	0.0719219	-0.0691112	
0.322	0.0129547	-0.0130021	0.0720466	-0.0691918	
0.323	0.0130268	-0.0130713	0.0721705	-0.0692713	
0.324	0.0130991	-0.0131406	0.0722936	-0.0693497	
0.325	0.0131714	-0.01321	0.0724158	-0.069427	
0.326	0.0132439	-0.0132795	0.0725373	-0.0695032	
0.327	0.0133165	-0.013349	0.0726579	-0.0695782	
0.328	0.0133892	-0.0134186	0.0727777	-0.0696522	
0.329	0.0134621	-0.0134883	0.0728967	-0.0697251	
0.33	0.013535	-0.0135581	0.0730147	-0.0697968	
0.331	0.0136081	-0.0136279	0.0731319	-0.0698675	
0.332	0.0136813	-0.0136978	0.0732483	-0.069937	
0.333	0.0137546	-0.0137678	0.0733637	-0.0700054	
0.334	0.013828	-0.0138378	0.0734782	-0.0700727	
0.335	0.0139015	-0.0139079	0.0735919	-0.0701389	
0.336	0.0139752	-0.0139781	0.0737046	-0.0702039	
0.337	0.014049	-0.0140483	0.0738165	-0.0702678	
0.338	0.0141228	-0.0141186	0.0739274	-0.0703307	
0.339	0.0141968	-0.014189	0.0740374	-0.0703924	
0.34	0.0142709	-0.0142594	0.0741465	-0.0704529	
0.341	0.0143451	-0.0143299	0.0742547	-0.0705124	
0.342	0.0144194	-0.0144004	0.074362	-0.0705707	
0.343	0.0144938	-0.014471	0.0744684	-0.0706279	
0.344	0.0145683	-0.0145417	0.0745739	-0.070684	
0.345	0.014643	-0.0146124	0.0746785	-0.0707389	
0.346	0.0147177	-0.0146832	0.0747822	-0.0707928	
0.347	0.0147925	-0.014754	0.0748851	-0.0708455	
0.348	0.0148675	-0.0148249	0.0749871	-0.070897	
0.349	0.0149425	-0.0148958	0.0750882	-0.0709475	
0.35	0.0150176	-0.0149668	0.0751884	-0.0709968	
0.351	0.0150929	-0.0150378	0.0752878	-0.071045	
0.352	0.0151682	-0.0151088	0.0753864	-0.071092	
0.353	0.0152437	-0.01518	0.075484	-0.0711379	
0.354	0.0153192	-0.0152511	0.0755809	-0.0711827	
0.355	0.0153948	-0.0153223	0.0756769	-0.0712263	
0.356	0.0154705	-0.0153936	0.075772	-0.0712689	
0.357	0.0155464	-0.0154649	0.0758663	-0.0713102	
0.358	0.0156223	-0.0155362	0.0759598	-0.0713505	
0.359	0.0156983	-0.0156076	0.0760524	-0.0713896	
0.36	0.0157744	-0.015679	0.0761441	-0.0714276	
0.361	0.0158506	-0.0157504	0.076235	-0.0714644	
0.362	0.0159269	-0.0158219	0.076325	-0.0715001	
0.363	0.0160032	-0.0158934	0.0764141	-0.0715347	
0.364	0.0160797	-0.015965	0.0765023	-0.0715681	
0.365	0.0161562	-0.0160366	0.0765897	-0.0716004	
0.366	0.0162329	-0.0161082	0.0766761	-0.0716315	
0.367	0.0163096	-0.0161798	0.0767617	-0.0716615	
0.368	0.0163864	-0.0162515	0.0768463	-0.0716904	
0.369	0.0164633	-0.0163232	0.07693	-0.0717181	
0.37	0.0165402	-0.0163949	0.0770128	-0.0717447	
0.371	0.0166173	-0.0164667	0.0770946	-0.0717701	
0.372	0.0166944	-0.0165385	0.0771756	-0.0717944	
0.373	0.0167716	-0.0166103	0.0772556	-0.0718175	
0.374	0.0168489	-0.0166821	0.0773346	-0.0718395	
0.375	0.0169263	-0.016754	0.0774128	-0.0718604	
0.376	0.0170038	-0.0168258	0.0774899	-0.0718801	
0.377	0.0170813	-0.0168977	0.0775662	-0.0718987	
0.378	0.0171589	-0.0169696	0.0776415	-0.0719161	
0.379	0.0172366	-0.0170415	0.0777159	-0.0719324	
0.38	0.0173143	-0.0171135	0.0777894	-0.0719476	
0.381	0.0173922	-0.0171854	0.0778619	-0.0719616	
0.382	0.0174701	-0.0172574	0.0779335	-0.0719744	
0.383	0.017548	-0.0173294	0.0780042	-0.0719861	
0.384	0.0176261	-0.0174014	0.078074	-0.0719967	
0.385	0.0177042	-0.0174734	0.0781428	-0.0720061	
0.386	0.0177823	-0.0175454	0.0782108	-0.0720144	
0.387	0.0178606	-0.0176174	0.0782779	-0.0720215	
0.388	0.0179389	-0.0176894	0.0783441	-0.0720275	
0.389	0.0180173	-0.0177615	0.0784094	-0.0720323	
0.39	0.0180957	-0.0178335	0.0784737	-0.072036	
0.391	0.0181742	-0.0179055	0.0785372	-0.0720385	
0.392	0.0182528	-0.0179776	0.0785999	-0.0720399	
0.393	0.0183314	-0.0180496	0.0786616	-0.0720402	
0.394	0.0184101	-0.0181217	0.0787224	-0.0720393	
0.395	0.0184889	-0.0181937	0.0787823	-0.0720372	
0.396	0.0185677	-0.0182657	0.0788414	-0.0720341	
0.397	0.0186465	-0.0183378	0.0788995	-0.0720297	
0.398	0.0187255	-0.0184098	0.0789567	-0.0720243	
0.399	0.0188045	-0.0184818	0.079013	-0.0720176	
0.4	0.0188835	-0.0185538	0.0790684	-0.0720099	
0.401	0.0189626	-0.0186258	0.0791229	-0.072001	
0.402	0.0190417	-0.0186978	0.0791765	-0.0719909	
0.403	0.019121	-0.0187698	0.0792291	-0.0719797	
0.404	0.0192002	-0.0188418	0.0792808	-0.0719674	
0.405	0.0192795	-0.0189137	0.0793316	-0.0719539	
0.406	0.0193589	-0.0189857	0.0793814	-0.0719392	
0.407	0.0194383	-0.0190576	0.0794303	-0.0719235	
0.408	0.0195177	-0.0191295	0.0794782	-0.0719065	
0.409	0.0195972	-0.0192014	0.0795251	-0.0718885	
0.41	0.0196768	-0.0192733	0.0795712	-0.0718693	
0.411	0.0197564	-0.0193452	0.0796162	-0.0718489	
0.412	0.019836	-0.019417	0.0796603	-0.0718274	
0.413	0.0199157	-0.0194888	0.0797035	-0.0718048	
0.414	0.0199954	-0.0195606	0.0797457	-0.071781	
0.415	0.0200752	-0.0196324	0.0797869	-0.0717561	
0.416	0.020155	-0.0197041	0.0798273	-0.07173	
0.417	0.0202348	-0.0197758	0.0798666	-0.0717029	
0.418	0.0203147	-0.0198475	0.079905	-0.0716745	
0.419	0.0203946	-0.0199192	0.0799425	-0.071645	
0.42	0.0204746	-0.0199908	0.0799791	-0.0716144	
0.421	0.0205546	-0.0200624	0.0800147	-0.0715827	
0.422	0.0206346	-0.020134	0.0800494	-0.0715498	
0.423	0.0207147	-0.0202055	0.0800831	-0.0715158	
0.424	0.0207948	-0.020277	0.0801159	-0.0714806	
0.425	0.0208749	-0.0203485	0.0801479	-0.0714443	
0.426	0.0209551	-0.0204199	0.0801788	-0.0714069	
0.427	0.0210353	-0.0204913	0.0802089	-0.0713683	
0.428	0.0211155	-0.0205626	0.0802381	-0.0713286	
0.429	0.0211958	-0.0206339	0.0802663	-0.0712878	
0.43	0.021276	-0.0207052	0.0802936	-0.0712458	
0.431	0.0213564	-0.0207764	0.08032	-0.0712027	
0.432	0.0214367	-0.0208476	0.0803455	-0.0711585	
0.433	0.021517	-0.0209188	0.0803701	-0.0711131	
0.434	0.0215974	-0.0209898	0.0803937	-0.0710667	
0.435	0.0216778	-0.0210609	0.0804164	-0.071019	
0.436	0.0217583	-0.0211319	0.0804382	-0.0709703	
0.437	0.0218387	-0.0212028	0.080459	-0.0709204	
0.438	0.0219192	-0.0212737	0.080479	-0.0708694	
0.439	0.0219997	-0.0213446	0.0804979	-0.0708173	
0.44	0.0220802	-0.0214154	0.0805159	-0.0707641	
0.441	0.0221607	-0.0214861	0.080533	-0.0707097	
0.442	0.0222412	-0.0215568	0.0805491	-0.0706542	
0.443	0.0223218	-0.0216274	0.0805643	-0.0705976	
0.444	0.0224024	-0.021698	0.0805785	-0.0705399	
0.445	0.022483	-0.0217685	0.0805918	-0.070481	
0.446	0.0225635	-0.0218389	0.0806041	-0.070421	
0.447	0.0226442	-0.0219093	0.0806154	-0.0703599	
0.448	0.0227248	-0.0219797	0.0806258	-0.0702977	
0.449	0.0228054	-0.0220499	0.0806352	-0.0702344	
0.45	0.022886	-0.0221201	0.0806437	-0.07017	
0.451	0.0229667	-0.0221903	0.0806512	-0.0701044	
0.452	0.0230474	-0.0222603	0.0806578	-0.0700377	
0.453	0.023128	-0.0223303	0.0806634	-0.06997	
0.454	0.0232087	-0.0224003	0.080668	-0.0699011	
0.455	0.0232893	-0.0224701	0.0806717	-0.0698311	
0.456	0.02337	-0.0225399	0.0806745	-0.06976	
0.457	0.0234507	-0.0226097	0.0806763	-0.0696878	
0.458	0.0235314	-0.0226793	0.0806772	-0.0696144	
0.459	0.023612	-0.0227489	0.0806772	-0.06954	
0.46	0.0236927	-0.0228184	0.0806762	-0.0694645	
0.461	0.0237734	-0.0228878	0.0806743	-0.0693879	
0.462	0.0238541	-0.0229572	0.0806714	-0.0693101	
0.463	0.0239347	-0.0230264	0.0806676	-0.0692313	
0.464	0.0240154	-0.0230956	0.0806629	-0.0691514	
0.465	0.0240961	-0.0231647	0.0806573	-0.0690703	
0.466	0.0241767	-0.0232338	0.0806507	-0.0689882	
0.467	0.0242574	-0.0233027	0.0806432	-0.068905	
0.468	0.024338	-0.0233716	0.0806348	-0.0688207	
0.469	0.0244186	-0.0234403	0.0806255	-0.0687353	
0.47	0.0244993	-0.023509	0.0806152	-0.0686488	
0.471	0.0245799	-0.0235776	0.080604	-0.0685612	
0.472	0.0246605	-0.0236462	0.0805919	-0.0684726	
0.473	0.0247411	-0.0237146	0.0805788	-0.0683828	
0.474	0.0248216	-0.0237829	0.0805648	-0.068292	
0.475	0.0249022	-0.0238512	0.0805498	-0.0682001	
0.476	0.0249827	-0.0239193	0.080534	-0.0681071	
0.477	0.0250632	-0.0239874	0.0805171	-0.068013	
0.478	0.0251438	-0.0240554	0.0804993	-0.0679178	
0.479	0.0252242	-0.0241232	0.0804806	-0.0678216	
0.48	0.0253047	-0.024191	0.0804609	-0.0677243	
0.481	0.0253852	-0.0242587	0.0804403	-0.0676259	
0.482	0.0254656	-0.0243262	0.0804187	-0.0675264	
0.483	0.025546	-0.0243937	0.0803962	-0.0674259	
0.484	0.0256264	-0.0244611	0.0803727	-0.0673243	
0.485	0.0257068	-0.0245284	0.0803483	-0.0672217	
0.486	0.0257871	-0.0245955	0.0803229	-0.0671179	
0.487	0.0258674	-0.0246626	0.0802966	-0.0670131	
0.488	0.0259477	-0.0247296	0.0802693	-0.0669073	
0.489	0.0260279	-0.0247964	0.0802411	-0.0668004	
0.49	0.0261082	-0.0248632	0.080212	-0.0666924	
0.491	0.0261884	-0.0249298	0.0801819	-0.0665834	
0.492	0.0262685	-0.0249963	0.0801508	-0.0664733	
0.493	0.0263487	-0.0250628	0.0801188	-0.0663621	
0.494	0.0264288	-0.0251291	0.0800859	-0.0662499	
0.495	0.0265088	-0.0251953	0.0800521	-0.0661367	
0.496	0.0265889	-0.0252613	0.0800173	-0.0660224	
0.497	0.0266689	-0.0253273	0.0799816	-0.0659071	
0.498	0.0267488	-0.0253931	0.079945	-0.0657907	
0.499	0.0268288	-0.0254589	0.0799075	-0.0656733	
0.5	0.0269086	-0.0255245	0.079869	-0.0655548	
0.501	0.0269885	-0.02559	0.0798296	-0.0654353	
0.502	0.0270683	-0.0256554	0.0797893	-0.0653148	
0.503	0.0271481	-0.0257206	0.0797481	-0.0651932	
0.504	0.0272278	-0.0257857	0.079706	-0.0650706	
0.505	0.0273075	-0.0258508	0.0796629	-0.064947	
0.506	0.0273871	-0.0259156	0.0796189	-0.0648223	
0.507	0.0274667	-0.0259804	0.079574	-0.0646966	
0.508	0.0275463	-0.026045	0.0795282	-0.0645699	
0.509	0.0276258	-0.0261095	0.0794814	-0.0644422	
0.51	0.0277052	-0.0261739	0.0794338	-0.0643134	
0.511	0.0277846	-0.0262382	0.0793852	-0.0641836	
0.512	0.027864	-0.0263023	0.0793356	-0.0640528	
0.513	0.0279433	-0.0263663	0.0792852	-0.063921	
0.514	0.0280226	-0.0264301	0.0792338	-0.0637882	
0.515	0.0281018	-0.0264938	0.0791815	-0.0636544	
0.516	0.0281809	-0.0265574	0.0791283	-0.0635196	
0.517	0.02826	-0.0266209	0.0790741	-0.0633837	
0.518	0.0283391	-0.0266842	0.079019	-0.0632469	
0.519	0.0284181	-0.0267474	0.078963	-0.063109	
0.52	0.028497	-0.0268104	0.078906	-0.0629702	
0.521	0.0285759	-0.0268733	0.0788481	-0.0628303	
0.522	0.0286547	-0.0269361	0.0787893	-0.0626895	
0.523	0.0287335	-0.0269987	0.0787296	-0.0625477	
0.524	0.0288122	-0.0270612	0.0786689	-0.0624049	
0.525	0.0288908	-0.0271235	0.0786073	-0.0622611	
0.526	0.0289694	-0.0271857	0.0785448	-0.0621163	
0.527	0.0290479	-0.0272477	0.0784814	-0.0619705	
0.528	0.0291263	-0.0273096	0.0784171	-0.0618237	
0.529	0.0292047	-0.0273714	0.0783518	-0.061676	
0.53	0.029283	-0.027433	0.0782856	-0.0615273	
0.531	0.0293613	-0.0274944	0.0782185	-0.0613776	
0.532	0.0294395	-0.0275557	0.0781505	-0.061227	
0.533	0.0295176	-0.0276169	0.0780817	-0.0610754	
0.534	0.0295956	-0.0276779	0.0780119	-0.0609228	
0.535	0.0296736	-0.0277387	0.0779411	-0.0607692	
0.536	0.0297515	-0.0277994	0.0778695	-0.0606147	
0.537	0.0298294	-0.02786	0.077797	-0.0604592	
0.538	0.0299071	-0.0279203	0.0777236	-0.0603028	
0.539	0.0299848	-0.0279806	0.0776493	-0.0601454	
0.54	0.0300624	-0.0280406	0.0775741	-0.0599871	
0.541	0.03014	-0.0281005	0.077498	-0.0598278	
0.542	0.0302174	-0.0281603	0.0774211	-0.0596676	
0.543	0.0302948	-0.0282199	0.0773432	-0.0595064	
0.544	0.0303721	-0.0282793	0.0772644	-0.0593443	
0.545	0.0304493	-0.0283386	0.0771847	-0.0591813	
0.546	0.0305265	-0.0283977	0.0771041	-0.0590173	
0.547	0.0306035	-0.0284566	0.0770227	-0.0588524	
0.548	0.0306805	-0.0285154	0.0769403	-0.0586866	
0.549	0.0307574	-0.028574	0.076857	-0.0585198	
0.55	0.0308342	-0.0286324	0.0767729	-0.0583521	
0.551	0.030911	-0.0286907	0.0766878	-0.0581835	
0.552	0.0309876	-0.0287488	0.0766019	-0.0580139	
0.553	0.0310642	-0.0288067	0.076515	-0.0578435	
0.554	0.0311406	-0.0288645	0.0764273	-0.0576721	
0.555	0.031217	-0.028922	0.0763386	-0.0574998	
0.556	0.0312933	-0.0289795	0.0762491	-0.0573267	
0.557	0.0313695	-0.0290367	0.0761587	-0.0571526	
0.558	0.0314456	-0.0290938	0.0760674	-0.0569776	
0.559	0.0315216	-0.0291507	0.0759751	-0.0568017	
0.56	0.0315976	-0.0292074	0.075882	-0.0566249	
0.561	0.0316734	-0.0292639	0.075788	-0.0564472	
0.562	0.0317491	-0.0293203	0.0756932	-0.0562686	
0.563	0.0318248	-0.0293764	0.0755974	-0.0560891	
0.564	0.0319003	-0.0294324	0.0755008	-0.0559088	
0.565	0.0319758	-0.0294883	0.0754032	-0.0557276	
0.566	0.0320511	-0.0295439	0.0753048	-0.0555454	
0.567	0.0321264	-0.0295993	0.0752056	-0.0553624	
0.568	0.0322016	-0.0296546	0.0751054	-0.0551786	
0.569	0.0322766	-0.0297097	0.0750044	-0.0549938	
0.57	0.0323516	-0.0297646	0.0749025	-0.0548082	
0.571	0.0324264	-0.0298193	0.0747997	-0.0546218	
0.572	0.0325012	-0.0298739	0.0746961	-0.0544344	
0.573	0.0325758	-0.0299282	0.0745916	-0.0542462	
0.574	0.0326503	-0.0299823	0.0744863	-0.0540572	
0.575	0.0327248	-0.0300363	0.0743801	-0.0538673	
0.576	0.0327991	-0.0300901	0.074273	-0.0536765	
0.577	0.0328733	-0.0301437	0.0741651	-0.0534849	
0.578	0.0329474	-0.030197	0.0740563	-0.0532925	
0.579	0.0330214	-0.0302502	0.0739467	-0.0530992	
0.58	0.0330953	-0.0303032	0.0738362	-0.0529051	
0.581	0.0331691	-0.0303561	0.0737248	-0.0527102	
0.582	0.0332428	-0.0304087	0.0736126	-0.0525144	
0.583	0.0333163	-0.0304611	0.0734995	-0.0523178	
0.584	0.0333898	-0.0305133	0.0733856	-0.0521203	
0.585	0.0334631	-0.0305653	0.0732709	-0.0519221	
0.586	0.0335363	-0.0306171	0.0731552	-0.051723	
0.587	0.0336094	-0.0306688	0.0730388	-0.0515231	
0.588	0.0336824	-0.0307202	0.0729215	-0.0513224	
0.589	0.0337553	-0.0307714	0.0728033	-0.0511209	
0.59	0.033828	-0.0308224	0.0726843	-0.0509185	
0.591	0.0339006	-0.0308732	0.0725644	-0.0507154	
0.592	0.0339731	-0.0309239	0.0724437	-0.0505115	
0.593	0.0340455	-0.0309743	0.0723221	-0.0503068	
0.594	0.0341178	-0.0310245	0.0721997	-0.0501013	
0.595	0.0341899	-0.0310745	0.0720764	-0.049895	
0.596	0.0342619	-0.0311243	0.0719524	-0.0496879	
0.597	0.0343338	-0.0311738	0.0718274	-0.04948	
0.598	0.0344056	-0.0312232	0.0717016	-0.0492713	
0.599	0.0344772	-0.0312724	0.071575	-0.0490619	
0.6	0.0345487	-0.0313213	0.0714476	-0.0488517	
0.601	0.0346201	-0.0313701	0.0713193	-0.0486408	
0.602	0.0346914	-0.0314186	0.0711902	-0.048429	
0.603	0.0347625	-0.031467	0.0710603	-0.0482165	
0.604	0.0348335	-0.0315151	0.0709296	-0.0480033	
0.605	0.0349044	-0.031563	0.070798	-0.0477893	
0.606	0.0349751	-0.0316106	0.0706656	-0.0475745	
0.607	0.0350457	-0.0316581	0.0705324	-0.047359	
0.608	0.0351162	-0.0317054	0.0703984	-0.0471427	
0.609	0.0351865	-0.0317524	0.0702635	-0.0469257	
0.61	0.0352567	-0.0317992	0.0701279	-0.046708	
0.611	0.0353267	-0.0318458	0.0699914	-0.0464895	
0.612	0.0353967	-0.0318922	0.0698541	-0.0462703	
0.613	0.0354664	-0.0319383	0.0697161	-0.0460504	
0.614	0.0355361	-0.0319843	0.0695772	-0.0458297	
0.615	0.0356056	-0.03203	0.0694375	-0.0456083	
0.616	0.035675	-0.0320755	0.069297	-0.0453862	
0.617	0.0357442	-0.0321208	0.0691557	-0.0451634	
0.618	0.0358133	-0.0321658	0.0690136	-0.0449399	
0.619	0.0358822	-0.0322107	0.0688708	-0.0447157	
0.62	0.035951	-0.0322553	0.0687271	-0.0444907	
0.621	0.0360197	-0.0322996	0.0685826	-0.0442651	
0.622	0.0360882	-0.0323438	0.0684373	-0.0440388	
0.623	0.0361565	-0.0323877	0.0682913	-0.0438118	
0.624	0.0362248	-0.0324314	0.0681444	-0.0435841	
0.625	0.0362928	-0.0324749	0.0679967	-0.0433557	
0.626	0.0363608	-0.0325181	0.0678483	-0.0431266	
0.627	0.0364285	-0.0325611	0.0676991	-0.0428968	
0.628	0.0364962	-0.0326039	0.067549	-0.0426664	
0.629	0.0365636	-0.0326465	0.0673982	-0.0424353	
0.63	0.036631	-0.0326888	0.0672466	-0.0422036	
0.631	0.0366981	-0.0327309	0.0670943	-0.0419711	
0.632	0.0367651	-0.0327727	0.0669411	-0.041738	
0.633	0.036832	-0.0328144	0.0667872	-0.0415043	
0.634	0.0368987	-0.0328557	0.0666325	-0.0412699	
0.635	0.0369653	-0.0328969	0.066477	-0.0410349	
0.636	0.0370317	-0.0329378	0.0663207	-0.0407992	
0.637	0.0370979	-0.0329785	0.0661637	-0.0405629	
0.638	0.037164	-0.0330189	0.0660059	-0.0403259	
0.639	0.0372299	-0.0330591	0.0658473	-0.0400883	
0.64	0.0372957	-0.0330991	0.065688	-0.0398501	
0.641	0.0373613	-0.0331388	0.0655279	-0.0396112	
0.642	0.0374267	-0.0331783	0.0653671	-0.0393718	
0.643	0.037492	-0.0332176	0.0652055	-0.0391317	
0.644	0.0375572	-0.0332566	0.0650432	-0.038891	
0.645	0.0376221	-0.0332954	0.0648801	-0.0386497	
0.646	0.0376869	-0.0333339	0.0647162	-0.0384078	
0.647	0.0377515	-0.0333722	0.0645516	-0.0381652	
0.648	0.037816	-0.0334102	0.0643863	-0.0379221	
0.649	0.0378803	-0.033448	0.0642202	-0.0376784	
0.65	0.0379445	-0.0334856	0.0640534	-0.0374341	
0.651	0.0380084	-0.0335229	0.0638859	-0.0371892	
0.652	0.0380722	-0.03356	0.0637176	-0.0369438	
0.653	0.0381359	-0.0335968	0.0635486	-0.0366977	
0.654	0.0381993	-0.0336334	0.0633788	-0.0364511	
0.655	0.0382626	-0.0336697	0.0632083	-0.0362039	
0.656	0.0383257	-0.0337058	0.0630371	-0.0359561	
0.657	0.0383887	-0.0337416	0.0628651	-0.0357078	
0.658	0.0384515	-0.0337772	0.0626925	-0.0354589	
0.659	0.0385141	-0.0338125	0.0625191	-0.0352095	
0.66	0.0385765	-0.0338476	0.062345	-0.0349595	
0.661	0.0386388	-0.0338824	0.0621701	-0.034709	
0.662	0.0387008	-0.033917	0.0619945	-0.0344579	
0.663	0.0387628	-0.0339513	0.0618183	-0.0342063	
0.664	0.0388245	-0.0339854	0.0616413	-0.0339541	
0.665	0.038886	-0.0340193	0.0614636	-0.0337014	
0.666	0.0389474	-0.0340528	0.0612851	-0.0334482	
0.667	0.0390086	-0.0340861	0.061106	-0.0331945	
0.668	0.0390696	-0.0341192	0.0609262	-0.0329402	
0.669	0.0391305	-0.034152	0.0607456	-0.0326855	
0.67	0.0391911	-0.0341846	0.0605644	-0.0324302	
0.671	0.0392516	-0.0342169	0.0603824	-0.0321744	
0.672	0.0393119	-0.0342489	0.0601998	-0.0319181	
0.673	0.039372	-0.0342807	0.0600164	-0.0316613	
0.674	0.0394319	-0.0343123	0.0598324	-0.031404	
0.675	0.0394917	-0.0343435	0.0596476	-0.0311463	
0.676	0.0395512	-0.0343745	0.0594622	-0.030888	
0.677	0.0396106	-0.0344053	0.0592761	-0.0306293	
0.678	0.0396698	-0.0344358	0.0590893	-0.0303701	
0.679	0.0397288	-0.034466	0.0589019	-0.0301104	
0.68	0.0397876	-0.034496	0.0587137	-0.0298502	
0.681	0.0398462	-0.0345257	0.0585249	-0.0295896	
0.682	0.0399046	-0.0345552	0.0583354	-0.0293285	
0.683	0.0399629	-0.0345844	0.0581452	-0.029067	
0.684	0.0400209	-0.0346133	0.0579544	-0.028805	
0.685	0.0400788	-0.034642	0.0577629	-0.0285425	
0.686	0.0401364	-0.0346704	0.0575707	-0.0282796	
0.687	0.0401939	-0.0346986	0.0573779	-0.0280163	
0.688	0.0402512	-0.0347265	0.0571844	-0.0277525	
0.689	0.0403083	-0.0347541	0.0569903	-0.0274883	
0.69	0.0403652	-0.0347814	0.0567955	-0.0272237	
0.691	0.0404219	-0.0348085	0.0566001	-0.0269587	
0.692	0.0404784	-0.0348354	0.056404	-0.0266932	
0.693	0.0405347	-0.0348619	0.0562072	-0.0264273	
0.694	0.0405908	-0.0348882	0.0560098	-0.026161	
0.695	0.0406467	-0.0349142	0.0558118	-0.0258943	
0.696	0.0407024	-0.03494	0.0556131	-0.0256272	
0.697	0.0407579	-0.0349655	0.0554138	-0.0253597	
0.698	0.0408132	-0.0349907	0.0552138	-0.0250918	
0.699	0.0408683	-0.0350157	0.0550133	-0.0248235	
0.7	0.0409233	-0.0350404	0.054812	-0.0245549	
0.701	0.040978	-0.0350648	0.0546102	-0.0242858	
0.702	0.0410325	-0.0350889	0.0544077	-0.0240164	
0.703	0.0410868	-0.0351128	0.0542046	-0.0237466	
0.704	0.0411409	-0.0351364	0.0540008	-0.0234764	
0.705	0.0411948	-0.0351598	0.0537965	-0.0232059	
0.706	0.0412485	-0.0351828	0.0535915	-0.022935	
0.707	0.041302	-0.0352056	0.0533859	-0.0226638	
0.708	0.0413552	-0.0352282	0.0531797	-0.0223922	
0.709	0.0414083	-0.0352504	0.0529728	-0.0221202	
0.71	0.0414612	-0.0352724	0.0527654	-0.0218479	
0.711	0.0415139	-0.0352941	0.0525573	-0.0215753	
0.712	0.0415663	-0.0353156	0.0523487	-0.0213024	
0.713	0.0416186	-0.0353367	0.0521395	-0.0210291	
0.714	0.0416706	-0.0353576	0.0519296	-0.0207555	
0.715	0.0417224	-0.0353782	0.0517192	-0.0204815	
0.716	0.041774	-0.0353986	0.0515081	-0.0202073	
0.717	0.0418254	-0.0354186	0.0512965	-0.0199327	
0.718	0.0418766	-0.0354384	0.0510843	-0.0196579	
0.719	0.0419276	-0.035458	0.0508715	-0.0193827	
0.72	0.0419784	-0.0354772	0.0506581	-0.0191072	
0.721	0.0420289	-0.0354962	0.0504442	-0.0188315	
0.722	0.0420792	-0.0355149	0.0502297	-0.0185554	
0.723	0.0421294	-0.0355333	0.0500146	-0.0182791	
0.724	0.0421793	-0.0355514	0.0497989	-0.0180025	
0.725	0.042229	-0.0355693	0.0495826	-0.0177256	
0.726	0.0422784	-0.0355869	0.0493658	-0.0174484	
0.727	0.0423277	-0.0356042	0.0491485	-0.017171	
0.728	0.0423767	-0.0356212	0.0489305	-0.0168933	
0.729	0.0424256	-0.035638	0.048712	-0.0166153	
0.73	0.0424742	-0.0356545	0.048493	-0.0163371	
0.731	0.0425225	-0.0356706	0.0482734	-0.0160587	
0.732	0.0425707	-0.0356866	0.0480532	-0.01578	
0.733	0.0426187	-0.0357022	0.0478325	-0.015501	
0.734	0.0426664	-0.0357176	0.0476112	-0.0152218	
0.735	0.0427139	-0.0357327	0.0473894	-0.0149424	
0.736	0.0427612	-0.0357475	0.0471671	-0.0146628	
0.737	0.0428082	-0.035762	0.0469442	-0.0143829	
0.738	0.042855	-0.0357762	0.0467208	-0.0141028	
0.739	0.0429016	-0.0357902	0.0464968	-0.0138225	
0.74	0.042948	-0.0358039	0.0462723	-0.013542	
0.741	0.0429942	-0.0358173	0.0460473	-0.0132613	
0.742	0.0430401	-0.0358304	0.0458218	-0.0129804	
0.743	0.0430858	-0.0358432	0.0455957	-0.0126993	
0.744	0.0431313	-0.0358558	0.0453691	-0.012418	
0.745	0.0431766	-0.0358681	0.045142	-0.0121365	
0.746	0.0432216	-0.0358801	0.0449144	-0.0118548	
0.747	0.0432664	-0.0358918	0.0446862	-0.011573	
0.748	0.043311	-0.0359032	0.0444576	-0.011291	
0.749	0.0433553	-0.0359144	0.0442285	-0.0110088	
0.75	0.0433994	-0.0359252	0.0439988	-0.0107264	
0.751	0.0434433	-0.0359358	0.0437686	-0.0104439	
0.752	0.043487	-0.0359461	0.043538	-0.0101612	
0.753	0.0435304	-0.0359561	0.0433068	-0.00987837	
0.754	0.0435736	-0.0359659	0.0430752	-0.0095954	
0.755	0.0436165	-0.0359753	0.0428431	-0.00931228	
0.756	0.0436593	-0.0359845	0.0426104	-0.00902902	
0.757	0.0437018	-0.0359934	0.0423773	-0.00874563	
0.758	0.043744	-0.036002	0.0421438	-0.00846211	
0.759	0.043786	-0.0360103	0.0419097	-0.00817847	
0.76	0.0438278	-0.0360183	0.0416752	-0.0078947	
0.761	0.0438694	-0.0360261	0.0414402	-0.00761082	
0.762	0.0439107	-0.0360336	0.0412047	-0.00732683	
0.763	0.0439518	-0.0360407	0.0409688	-0.00704273	
0.764	0.0439927	-0.0360476	0.0407323	-0.00675853	
0.765	0.0440333	-0.0360543	0.0404955	-0.00647424	
0.766	0.0440736	-0.0360606	0.0402582	-0.00618985	
0.767	0.0441138	-0.0360666	0.0400204	-0.00590537	
0.768	0.0441537	-0.0360724	0.0397821	-0.0056208	
0.769	0.0441934	-0.0360779	0.0395434	-0.00533616	
0.77	0.0442328	-0.0360831	0.0393043	-0.00505145	
0.771	0.044272	-0.036088	0.0390647	-0.00476666	
0.772	0.0443109	-0.0360926	0.0388247	-0.0044818	
0.773	0.0443496	-0.036097	0.0385842	-0.00419689	
0.774	0.0443881	-0.036101	0.0383433	-0.00391192	
0.775	0.0444263	-0.0361048	0.038102	-0.00362689	
0.776	0.0444643	-0.0361083	0.0378602	-0.00334182	
0.777	0.044502	-0.0361115	0.037618	-0.00305671	
0.778	0.0445395	-0.0361144	0.0373754	-0.00277156	
0.779	0.0445768	-0.036117	0.0371324	-0.00248637	
0.78	0.0446138	-0.0361193	0.0368889	-0.00220115	
0.781	0.0446505	-0.0361214	0.036645	-0.00191591	
0.782	0.0446871	-0.0361232	0.0364007	-0.00163065	
0.783	0.0447233	-0.0361247	0.036156	-0.00134537	
0.784	0.0447594	-0.0361259	0.0359109	-0.00106008	
0.785	0.0447952	-0.0361268	0.0356654	-0.000774779	
0.786	0.0448307	-0.0361274	0.0354194	-0.000489479	
0.787	0.044866	-0.0361278	0.0351731	-0.000204181	
0.788	0.0449011	-0.0361278	0.0349264	8.11099e-05	
0.789	0.0449359	-0.0361276	0.0346793	0.00036639	
0.79	0.0449704	-0.0361271	0.0344318	0.000651654	
0.791	0.0450047	-0.0361263	0.0341839	0.000936898	
0.792	0.0450388	-0.0361252	0.0339356	0.00122212	
0.793	0.0450726	-0.0361239	0.033687	0.00150731	
0.794	0.0451062	-0.0361222	0.0334379	0.00179246	
0.795	0.0451395	-0.0361203	0.0331885	0.00207758	
0.796	0.0451725	-0.036118	0.0329388	0.00236266	
0.797	0.0452053	-0.0361155	0.0326886	0.00264768	
0.798	0.0452379	-0.0361128	0.0324381	0.00293266	
0.799	0.0452702	-0.0361097	0.0321873	0.00321758	
0.8	0.0453023	-0.0361063	0.031936	0.00350244	
0.801	0.0453341	-0.0361027	0.0316844	0.00378723	
0.802	0.0453657	-0.0360987	0.0314325	0.00407195	
0.803	0.045397	-0.0360945	0.0311802	0.0043566	
0.804	0.045428	-0.03609	0.0309276	0.00464117	
0.805	0.0454588	-0.0360852	0.0306746	0.00492565	
0.806	0.0454894	-0.0360802	0.0304212	0.00521005	
0.807	0.0455197	-0.0360748	0.0301676	0.00549436	
0.808	0.0455497	-0.0360692	0.0299136	0.00577856	
0.809	0.0455795	-0.0360633	0.0296592	0.00606267	
0.81	0.045609	-0.0360571	0.0294045	0.00634667	
0.811	0.0456383	-0.0360506	0.0291496	0.00663056	
0.812	0.0456673	-0.0360438	0.0288942	0.00691433	
0.813	0.0456961	-0.0360367	0.0286386	0.00719799	
0.814	0.0457246	-0.0360294	0.0283826	0.00748152	
0.815	0.0457528	-0.0360218	0.0281263	0.00776492	
0.816	0.0457808	-0.0360139	0.0278697	0.00804819	
0.817	0.0458086	-0.0360057	0.0276128	0.00833132	
0.818	0.0458361	-0.0359972	0.0273556	0.00861431	
0.819	0.0458633	-0.0359885	0.0270981	0.00889715	
0.82	0.0458903	-0.0359794	0.0268403	0.00917984	
0.821	0.045917	-0.0359701	0.0265822	0.00946238	
0.822	0.0459434	-0.0359605	0.0263238	0.00974475	
0.823	0.0459696	-0.0359506	0.0260651	0.010027	
0.824	0.0459956	-0.0359404	0.0258061	0.010309	
0.825	0.0460212	-0.03593	0.0255468	0.0105909	
0.826	0.0460467	-0.0359193	0.0252873	0.0108726	
0.827	0.0460718	-0.0359082	0.0250275	0.0111541	
0.828	0.0460967	-0.035897	0.0247674	0.0114354	
0.829	0.0461213	-0.0358854	0.024507	0.0117165	
0.83	0.0461457	-0.0358735	0.0242463	0.0119975	
0.831	0.0461698	-0.0358614	0.0239854	0.0122782	
0.832	0.0461937	-0.035849	0.0237243	0.0125587	
0.833	0.0462173	-0.0358363	0.0234628	0.012839	
0.834	0.0462406	-0.0358233	0.0232011	0.0131191	
0.835	0.0462637	-0.03581	0.0229392	0.013399	
0.836	0.0462865	-0.0357965	0.022677	0.0136787	
0.837	0.046309	-0.0357827	0.0224146	0.0139581	
0.838	0.0463313	-0.0357686	0.0221519	0.0142373	
0.839	0.0463533	-0.0357542	0.021889	0.0145163	
0.84	0.0463751	-0.0357395	0.0216258	0.014795	
0.841	0.0463966	-0.0357246	0.0213624	0.0150735	
0.842	0.0464178	-0.0357094	0.0210988	0.0153518	
0.843	0.0464388	-0.0356939	0.0208349	0.0156298	
0.844	0.0464595	-0.0356781	0.0205708	0.0159075	
0.845	0.0464799	-0.0356621	0.0203065	0.0161849	
0.846	0.0465001	-0.0356458	0.020042	0.0164621	
0.847	0.04652	-0.0356292	0.0197773	0.0167391	
0.848	0.0465397	-0.0356123	0.0195123	0.0170157	
0.849	0.046559	-0.0355951	0.0192471	0.0172921	
0.85	0.0465782	-0.0355777	0.0189818	0.0175682	
0.851	0.046597	-0.03556	0.0187162	0.017844	
0.852	0.0466156	-0.035542	0.0184504	0.0181195	
0.853	0.0466339	-0.0355238	0.0181844	0.0183947	
0.854	0.046652	-0.0355052	0.0179182	0.0186696	
0.855	0.0466697	-0.0354864	0.0176519	0.0189442	
0.856	0.0466873	-0.0354673	0.0173853	0.0192185	
0.857	0.0467045	-0.035448	0.0171186	0.0194925	
0.858	0.0467215	-0.0354284	0.0168517	0.0197661	
0.859	0.0467382	-0.0354084	0.0165846	0.0200395	
0.86	0.0467547	-0.0353883	0.0163173	0.0203125	
0.861	0.0467709	-0.0353678	0.0160498	0.0205851	
0.862	0.0467868	-0.0353471	0.0157822	0.0208575	
0.863	0.0468024	-0.0353261	0.0155144	0.0211295	
0.864	0.0468178	-0.0353048	0.0152465	0.0214011	
0.865	0.0468329	-0.0352833	0.0149784	0.0216724	
0.866	0.0468478	-0.0352615	0.0147101	0.0219434	
0.867	0.0468623	-0.0352394	0.0144417	0.022214	
0.868	0.0468766	-0.0352171	0.0141732	0.0224842	
0.869	0.0468907	-0.0351945	0.0139044	0.0227541	
0.87	0.0469044	-0.0351716	0.0136356	0.0230236	
0.871	0.0469179	-0.0351484	0.0133666	0.0232927	
0.872	0.0469312	-0.035125	0.0130975	0.0235614	
0.873	0.0469441	-0.0351013	0.0128282	0.0238298	
0.874	0.0469568	-0.0350773	0.0125588	0.0240977	
0.875	0.0469693	-0.0350531	0.0122893	0.0243653	
0.876	0.0469814	-0.0350286	0.0120196	0.0246325	
0.877	0.0469933	-0.0350038	0.0117499	0.0248993	
0.878	0.0470049	-0.0349788	0.01148	0.0251656	
0.879	0.0470163	-0.0349535	0.01121	0.0254316	
0.88	0.0470273	-0.0349279	0.0109399	0.0256971	
0.881	0.0470381	-0.0349021	0.0106696	0.0259623	
0.882	0.0470487	-0.034876	0.0103993	0.026227	
0.883	0.0470589	-0.0348496	0.0101289	0.0264913	
0.884	0.0470689	-0.034823	0.00985833	0.0267551	
0.885	0.0470787	-0.0347961	0.0095877	0.0270186	
0.886	0.0470881	-0.034769	0.00931697	0.0272815	
0.887	0.0470973	-0.0347416	0.00904616	0.0275441	
0.888	0.0471062	-0.0347139	0.00877526	0.0278062	
0.889	0.0471148	-0.034686	0.00850427	0.0280678	
0.89	0.0471232	-0.0346578	0.00823321	0.028329	
0.891	0.0471313	-0.0346293	0.00796206	0.0285898	
0.892	0.0471391	-0.0346006	0.00769085	0.02885	
0.893	0.0471467	-0.0345716	0.00741956	0.0291098	
0.894	0.047154	-0.0345424	0.0071482	0.0293692	
0.895	0.047161	-0.0345129	0.00687678	0.029628	
0.896	0.0471677	-0.0344831	0.0066053	0.0298864	
0.897	0.0471742	-0.0344531	0.00633376	0.0301443	
0.898	0.0471804	-0.0344228	0.00606217	0.0304017	
0.899	0.0471863	-0.0343923	0.00579053	0.0306586	
0.9	0.047192	-0.0343615	0.00551883	0.030915	
0.901	0.0471974	-0.0343305	0.0052471	0.0311709	
0.902	0.0472025	-0.0342992	0.00497532	0.0314264	
0.903	0.0472073	-0.0342676	0.0047035	0.0316813	
0.904	0.0472119	-0.0342358	0.00443165	0.0319357	
0.905	0.0472162	-0.0342037	0.00415976	0.0321895	
0.906	0.0472202	-0.0341714	0.00388785	0.0324429	
0.907	0.0472239	-0.0341388	0.00361591	0.0326957	
0.908	0.0472274	-0.034106	0.00334395	0.032948	
0.909	0.0472306	-0.034073	0.00307196	0.0331998	
0.91	0.0472336	-0.0340396	0.00279997	0.033451	
0.911	0.0472362	-0.0340061	0.00252796	0.0337017	
0.912	0.0472386	-0.0339722	0.00225593	0.0339519	
0.913	0.0472407	-0.0339381	0.00198391	0.0342015	
0.914	0.0472426	-0.0339038	0.00171188	0.0344506	
0.915	0.0472442	-0.0338692	0.00143984	0.0346991	
0.916	0.0472455	-0.0338344	0.00116782	0.034947	
0.917	0.0472465	-0.0337994	0.000895792	0.0351944	
0.918	0.0472473	-0.033764	0.000623778	0.0354412	
0.919	0.0472478	-0.0337285	0.000351776	0.0356874	
0.92	0.047248	-0.0336927	7.97889e-05	0.0359331	
0.921	0.0472479	-0.0336566	-0.000192179	0.0361782	
0.922	0.0472476	-0.0336203	-0.000464126	0.0364227	
0.923	0.047247	-0.0335838	-0.000736048	0.0366666	
0.924	0.0472461	-0.033547	-0.00100794	0.0369099	
0.925	0.047245	-0.0335099	-0.0012798	0.0371526	
0.926	0.0472436	-0.0334727	-0.00155163	0.0373948	
0.927	0.0472419	-0.0334352	-0.00182342	0.0376363	
0.928	0.0472399	-0.0333974	-0.00209517	0.0378772	
0.929	0.0472377	-0.0333594	-0.00236688	0.0381175	
0.93	0.0472352	-0.0333212	-0.00263854	0.0383572	
0.931	0.0472324	-0.0332827	-0.00291015	0.0385963	
0.932	0.0472294	-0.033244	-0.0031817	0.0388348	
0.933	0.047226	-0.033205	-0.0034532	0.0390726	
0.934	0.0472224	-0.0331658	-0.00372463	0.0393098	
0.935	0.0472186	-0.0331264	-0.00399601	0.0395464	
0.936	0.0472145	-0.0330867	-0.00426731	0.0397823	
0.937	0.04721	-0.0330468	-0.00453855	0.0400176	
0.938	0.0472054	-0.0330067	-0.00480972	0.0402523	
0.939	0.0472004	-0.0329663	-0.0050808	0.0404863	
0.94	0.0471952	-0.0329257	-0.00535181	0.0407197	
0.941	0.0471897	-0.0328849	-0.00562274	0.0409524	
0.942	0.047184	-0.0328438	-0.00589358	0.0411844	
0.943	0.0471779	-0.0328025	-0.00616433	0.0414158	
0.944	0.0471716	-0.032761	-0.00643499	0.0416465	
0.945	0.0471651	-0.0327192	-0.00670555	0.0418765	
0.946	0.0471582	-0.0326772	-0.00697602	0.0421059	
0.947	0.0471511	-0.032635	-0.00724638	0.0423346	
0.948	0.0471437	-0.0325926	-0.00751665	0.0425626	
0.949	0.0471361	-0.0325499	-0.0077868	0.04279	
0.95	0.0471282	-0.032507	-0.00805684	0.0430166	
0.951	0.04712	-0.0324639	-0.00832677	0.0432426	
0.952	0.0471115	-0.0324205	-0.00859658	0.0434678	
0.953	0.0471028	-0.0323769	-0.00886627	0.0436924	
0.954	0.0470938	-0.0323331	-0.00913584	0.0439163	
0.955	0.0470845	-0.0322891	-0.00940528	0.0441394	
0.956	0.047075	-0.0322448	-0.00967459	0.0443619	
0.957	0.0470652	-0.0322004	-0.00994377	0.0445836	
0.958	0.0470551	-0.0321557	-0.0102128	0.0448046	
0.959	0.0470447	-0.0321108	-0.0104817	0.0450249	
0.96	0.0470341	-0.0320656	-0.0107505	0.0452445	
0.961	0.0470232	-0.0320203	-0.0110191	0.0454634	
0.962	0.0470121	-0.0319747	-0.0112876	0.0456815	
0.963	0.0470007	-0.0319289	-0.0115559	0.0458989	
0.964	0.046989	-0.0318829	-0.011824	0.0461155	
0.965	0.046977	-0.0318367	-0.0120921	0.0463314	
0.966	0.0469648	-0.0317902	-0.0123599	0.0465466	
0.967	0.0469523	-0.0317436	-0.0126276	0.046761	
0.968	0.0469395	-0.0316967	-0.0128951	0.0469747	
0.969	0.0469265	-0.0316496	-0.0131624	0.0471876	
0.97	0.0469132	-0.0316023	-0.0134296	0.0473998	
0.971	0.0468996	-0.0315548	-0.0136966	0.0476112	
0.972	0.0468858	-0.0315071	-0.0139634	0.0478218	
0.973	0.0468717	-0.0314592	-0.01423	0.0480317	
0.974	0.0468573	-0.0314111	-0.0144965	0.0482408	
0.975	0.0468427	-0.0313627	-0.0147627	0.0484492	
0.976	0.0468278	-0.0313142	-0.0150288	0.0486567	
0.977	0.0468127	-0.0312654	-0.0152947	0.0488635	
0.978	0.0467972	-0.0312164	-0.0155603	0.0490695	
0.979	0.0467815	-0.0311673	-0.0158258	0.0492747	
0.98	0.0467656	-0.0311179	-0.0160911	0.0494791	
0.981	0.0467494	-0.0310683	-0.0163561	0.0496827	
0.982	0.0467329	-0.0310185	-0.016621	0.0498856	
0.983	0.0467161	-0.0309685	-0.0168856	0.0500876	
0.984	0.0466991	-0.0309183	-0.01715	0.0502888	
0.985	0.0466818	-0.030868	-0.0174142	0.0504892	
0.986	0.0466643	-0.0308174	-0.0176782	0.0506888	
0.987	0.0466465	-0.0307666	-0.0179419	0.0508876	
0.988	0.0466284	-0.0307156	-0.0182055	0.0510856	
0.989	0.04661	-0.0306644	-0.0184687	0.0512828	
0.99	0.0465914	-0.030613	-0.0187318	0.0514791	
0.991	0.0465726	-0.0305614	-0.0189946	0.0516747	
0.992	0.0465535	-0.0305097	-0.0192572	0.0518694	
0.993	0.0465341	-0.0304577	-0.0195195	0.0520632	
0.994	0.0465144	-0.0304055	-0.0197816	0.0522563	
0.995	0.0464945	-0.0303532	-0.0200434	0.0524485	
0.996	0.0464743	-0.0303007	-0.020305	0.0526398	
0.997	0.0464539	-0.0302479	-0.0205663	0.0528303	
0.998	0.0464332	-0.030195	-0.0208274	0.05302	
0.999	0.0464122	-0.0301419	-0.0210882	0.0532088	
