t	a1	a2	da1	da2	
0	0	0	0	0	
0.001	1.41348e-07	-1.44786e-07	0.000282695	-0.000289573	
0.002	5.65304e-07	-5.79138e-07	0.000565218	-0.000579131	
0.003	1.27162e-06	-1.30304e-06	0.000847422	-0.000868669	
0.004	2.25992e-06	-2.31646e-06	0.00112917	-0.00115818	
0.005	3.52969e-06	-3.61938e-06	0.00141035	-0.00144766	
0.006	5.08029e-06	-5.21177e-06	0.00169085	-0.0017371	
0.007	6.91101e-06	-7.09357e-06	0.00197059	-0.0020265	
0.008	9.02105e-06	-9.26475e-06	0.0022495	-0.00231586	
0.009	1.14096e-05	-1.17253e-05	0.00252754	-0.00260516	
0.01	1.40757e-05	-1.4475e-05	0.0028047	-0.0028944	
0.011	1.70185e-05	-1.7514e-05	0.00308099	-0.00318358	
0.012	2.02372e-05	-2.08422e-05	0.00335645	-0.0034727	
0.013	2.3731e-05	-2.44594e-05	0.00363113	-0.00376175	
0.014	2.74992e-05	-2.83656e-05	0.00390511	-0.00405072	
0.015	3.1541e-05	-3.25608e-05	0.0041785	-0.00433961	
0.016	3.58559e-05	-3.70448e-05	0.0044514	-0.00462842	
0.017	4.04436e-05	-4.18176e-05	0.00472395	-0.00491715	
0.018	4.53037e-05	-4.68791e-05	0.00499629	-0.00520578	
0.019	5.04361e-05	-5.22291e-05	0.00526854	-0.00549433	
0.02	5.58408e-05	-5.78677e-05	0.00554086	-0.00578277	
0.021	6.15179e-05	-6.37946e-05	0.00581337	-0.00607112	
0.022	6.74677e-05	-7.00098e-05	0.00608621	-0.00635936	
0.023	7.36906e-05	-7.65133e-05	0.00635948	-0.00664749	
0.024	8.0187e-05	-8.33048e-05	0.0066333	-0.00693551	
0.025	8.69575e-05	-9.03842e-05	0.00690773	-0.00722342	
0.026	9.40028e-05	-9.77515e-05	0.00718284	-0.00751121	
0.027	0.000101324	-0.000105407	0.00745866	-0.00779887	
0.028	0.00010892	-0.000113349	0.0077352	-0.0080864	
0.029	0.000116794	-0.000121579	0.00801246	-0.0083738	
0.03	0.000124946	-0.000130097	0.00829039	-0.00866107	
0.031	0.000133375	-0.000138901	0.00856893	-0.00894819	
0.032	0.000142084	-0.000147993	0.00884801	-0.00923516	
0.033	0.000151072	-0.000157372	0.00912752	-0.00952198	
0.034	0.000160339	-0.000167037	0.00940734	-0.00980864	
0.035	0.000169886	-0.000176989	0.00968735	-0.0100951	
0.036	0.000179714	-0.000187227	0.00996741	-0.0103815	
0.037	0.000189821	-0.000197752	0.0102474	-0.0106676	
0.038	0.000200208	-0.000208562	0.0105271	-0.0109536	
0.039	0.000210875	-0.000219659	0.0108065	-0.0112394	
0.04	0.000221821	-0.000231041	0.0110853	-0.011525	
0.041	0.000233045	-0.000242709	0.0113635	-0.0118104	
0.042	0.000244548	-0.000254661	0.011641	-0.0120955	
0.043	0.000256327	-0.000266899	0.0119176	-0.0123805	
0.044	0.000268383	-0.000279422	0.0121934	-0.0126653	
0.045	0.000280713	-0.00029223	0.0124682	-0.0129499	
0.046	0.000293319	-0.000305322	0.0127421	-0.0132342	
0.047	0.000306197	-0.000318698	0.013015	-0.0135183	
0.048	0.000319348	-0.000332359	0.013287	-0.0138022	
0.049	0.000332771	-0.000346303	0.0135581	-0.0140858	
0.05	0.000346464	-0.00036053	0.0138284	-0.0143692	
0.051	0.000360427	-0.000375041	0.014098	-0.0146524	
0.052	0.00037466	-0.000389835	0.014367	-0.0149353	
0.053	0.000389161	-0.000404911	0.0146355	-0.015218	
0.054	0.000403931	-0.000420271	0.0149036	-0.0155004	
0.055	0.000418968	-0.000435912	0.0151715	-0.0157826	
0.056	0.000434273	-0.000451836	0.0154392	-0.0160645	
0.057	0.000449847	-0.000468041	0.015707	-0.0163461	
0.058	0.000465688	-0.000484528	0.015975	-0.0166275	
0.059	0.000481797	-0.000501296	0.0162432	-0.0169086	
0.06	0.000498174	-0.000518345	0.0165118	-0.0171894	
0.061	0.00051482	-0.000535675	0.0167808	-0.01747	
0.062	0.000531736	-0.000553285	0.0170504	-0.0177502	
0.063	0.000548921	-0.000571175	0.0173204	-0.0180302	
0.064	0.000566377	-0.000589345	0.0175911	-0.0183099	
0.065	0.000584104	-0.000607794	0.0178623	-0.0185893	
0.066	0.000602102	-0.000626523	0.0181341	-0.0188684	
0.067	0.000620372	-0.000645531	0.0184064	-0.0191472	
0.068	0.000638915	-0.000664817	0.018679	-0.0194256	
0.069	0.000657731	-0.000684382	0.018952	-0.0197038	
0.07	0.000676819	-0.000704225	0.0192252	-0.0199816	
0.071	0.000696181	-0.000724345	0.0194985	-0.0202591	
0.072	0.000715816	-0.000744743	0.0197718	-0.0205363	
0.073	0.000735724	-0.000765418	0.0200449	-0.0208132	
0.074	0.000755906	-0.000786369	0.0203177	-0.0210897	
0.075	0.00077636	-0.000807597	0.0205901	-0.0213659	
0.076	0.000797086	-0.000829101	0.0208619	-0.0216417	
0.077	0.000818083	-0.00085088	0.021133	-0.0219171	
0.078	0.000839351	-0.000872935	0.0214033	-0.0221922	
0.079	0.000860889	-0.000895264	0.0216727	-0.022467	
0.08	0.000882696	-0.000917869	0.0219412	-0.0227413	
0.081	0.000904771	-0.000940747	0.0222087	-0.0230153	
0.082	0.000927113	-0.000963899	0.0224752	-0.0232889	
0.083	0.000949721	-0.000987324	0.0227406	-0.0235621	
0.084	0.000972594	-0.00101102	0.023005	-0.0238349	
0.085	0.00099573	-0.00103499	0.0232684	-0.0241074	
0.086	0.00101913	-0.00105924	0.023531	-0.0243794	
0.087	0.00104279	-0.00108375	0.0237926	-0.024651	
0.088	0.00106672	-0.00110854	0.0240536	-0.0249223	
0.089	0.0010909	-0.0011336	0.0243139	-0.0251931	
0.09	0.00111534	-0.00115893	0.0245737	-0.0254635	
0.091	0.00114005	-0.00118452	0.0248331	-0.0257335	
0.092	0.00116501	-0.00121039	0.0250923	-0.0260031	
0.093	0.00119023	-0.00123653	0.0253513	-0.0262723	
0.094	0.00121571	-0.00126294	0.0256103	-0.026541	
0.095	0.00124145	-0.00128961	0.0258694	-0.0268093	
0.096	0.00126745	-0.00131655	0.0261287	-0.0270772	
0.097	0.00129371	-0.00134377	0.0263883	-0.0273446	
0.098	0.00132023	-0.00137124	0.0266482	-0.0276116	
0.099	0.00134701	-0.00139899	0.0269086	-0.0278782	
0.1	0.00137404	-0.001427	0.0271693	-0.0281443	
0.101	0.00140134	-0.00145528	0.0274305	-0.02841	
0.102	0.00142891	-0.00148382	0.0276921	-0.0286752	
0.103	0.00145673	-0.00151263	0.027954	-0.0289399	
0.104	0.00148481	-0.0015417	0.0282162	-0.0292042	
0.105	0.00151316	-0.00157104	0.0284787	-0.029468	
0.106	0.00154177	-0.00160064	0.0287412	-0.0297314	
0.107	0.00157064	-0.0016305	0.0290038	-0.0299942	
0.108	0.00159978	-0.00166062	0.0292663	-0.0302566	
0.109	0.00162918	-0.00169101	0.0295285	-0.0305185	
0.11	0.00165884	-0.00172166	0.0297904	-0.0307799	
0.111	0.00168876	-0.00175257	0.0300517	-0.0310408	
0.112	0.00171894	-0.00178374	0.0303124	-0.0313012	
0.113	0.00174938	-0.00181517	0.0305724	-0.031561	
0.114	0.00178008	-0.00184686	0.0308316	-0.0318204	
0.115	0.00181104	-0.00187881	0.0310898	-0.0320793	
0.116	0.00184226	-0.00191102	0.031347	-0.0323376	
0.117	0.00187374	-0.00194349	0.0316031	-0.0325954	
0.118	0.00190547	-0.00197621	0.0318581	-0.0328527	
0.119	0.00193745	-0.00200919	0.0321121	-0.0331094	
0.12	0.00196969	-0.00204243	0.0323649	-0.0333656	
0.121	0.00200218	-0.00207592	0.0326167	-0.0336212	
0.122	0.00203492	-0.00210967	0.0328674	-0.0338763	
0.123	0.00206792	-0.00214368	0.0331172	-0.0341309	
0.124	0.00210116	-0.00217793	0.0333662	-0.0343849	
0.125	0.00213465	-0.00221245	0.0336143	-0.0346383	
0.126	0.00216839	-0.00224721	0.0338619	-0.0348912	
0.127	0.00220237	-0.00228223	0.0341089	-0.0351435	
0.128	0.0022366	-0.0023175	0.0343555	-0.0353953	
0.129	0.00227108	-0.00235302	0.0346018	-0.0356465	
0.13	0.00230581	-0.00238879	0.034848	-0.0358971	
0.131	0.00234078	-0.00242481	0.0350941	-0.0361471	
0.132	0.002376	-0.00246108	0.0353402	-0.0363966	
0.133	0.00241146	-0.00249761	0.0355864	-0.0366454	
0.134	0.00244717	-0.00253437	0.0358329	-0.0368937	
0.135	0.00248312	-0.00257139	0.0360796	-0.0371414	
0.136	0.00251933	-0.00260866	0.0363265	-0.0373885	
0.137	0.00255578	-0.00264617	0.0365738	-0.037635	
0.138	0.00259248	-0.00268393	0.0368213	-0.0378809	
0.139	0.00262942	-0.00272193	0.037069	-0.0381262	
0.14	0.00266661	-0.00276018	0.0373169	-0.0383709	
0.141	0.00270405	-0.00279867	0.037565	-0.038615	
0.142	0.00274174	-0.00283741	0.037813	-0.0388584	
0.143	0.00277968	-0.00287639	0.038061	-0.0391013	
0.144	0.00281787	-0.00291561	0.0383088	-0.0393435	
0.145	0.0028563	-0.00295508	0.0385563	-0.039585	
0.146	0.00289498	-0.00299478	0.0388033	-0.039826	
0.147	0.0029339	-0.00303473	0.0390498	-0.0400663	
0.148	0.00297308	-0.00307491	0.0392956	-0.0403059	
0.149	0.0030125	-0.00311534	0.0395406	-0.0405449	
0.15	0.00305216	-0.003156	0.0397847	-0.0407833	
0.151	0.00309206	-0.0031969	0.0400279	-0.0410209	
0.152	0.00313221	-0.00323804	0.0402699	-0.041258	
0.153	0.0031726	-0.00327942	0.0405109	-0.0414943	
0.154	0.00321323	-0.00332103	0.0407506	-0.04173	
0.155	0.0032541	-0.00336288	0.0409893	-0.041965	
0.156	0.00329521	-0.00340496	0.0412267	-0.0421993	
0.157	0.00333656	-0.00344728	0.041463	-0.042433	
0.158	0.00337814	-0.00348983	0.0416981	-0.0426659	
0.159	0.00341995	-0.00353261	0.0419323	-0.0428982	
0.16	0.003462	-0.00357562	0.0421654	-0.0431298	
0.161	0.00350428	-0.00361887	0.0423977	-0.0433606	
0.162	0.0035468	-0.00366234	0.0426292	-0.0435908	
0.163	0.00358954	-0.00370605	0.0428601	-0.0438203	
0.164	0.00363252	-0.00374998	0.0430904	-0.0440491	
0.165	0.00367572	-0.00379415	0.0433203	-0.0442771	
0.166	0.00371916	-0.00383854	0.0435498	-0.0445045	
0.167	0.00376282	-0.00388316	0.0437792	-0.0447311	
0.168	0.00380672	-0.003928	0.0440084	-0.0449571	
0.169	0.00385084	-0.00397307	0.0442376	-0.0451823	
0.17	0.00389519	-0.00401836	0.0444669	-0.0454068	
0.171	0.00393977	-0.00406388	0.0446963	-0.0456305	
0.172	0.00398458	-0.00410963	0.0449257	-0.0458536	
0.173	0.00402962	-0.00415559	0.0451554	-0.0460759	
0.174	0.00407489	-0.00420178	0.0453851	-0.0462975	
0.175	0.00412039	-0.00424818	0.045615	-0.0465183	
0.176	0.00416612	-0.00429481	0.045845	-0.0467384	
0.177	0.00421208	-0.00434166	0.046075	-0.0469578	
0.178	0.00425827	-0.00438873	0.0463049	-0.0471764	
0.179	0.00430469	-0.00443601	0.0465346	-0.0473942	
0.18	0.00435134	-0.00448352	0.0467641	-0.0476113	
0.181	0.00439822	-0.00453124	0.0469932	-0.0478276	
0.182	0.00444533	-0.00457917	0.0472218	-0.0480432	
0.183	0.00449267	-0.00462732	0.0474498	-0.048258	
0.184	0.00454023	-0.00467569	0.047677	-0.048472	
0.185	0.00458802	-0.00472427	0.0479034	-0.0486852	
0.186	0.00463604	-0.00477306	0.0481289	-0.0488977	
0.187	0.00468428	-0.00482206	0.0483533	-0.0491093	
0.188	0.00473274	-0.00487128	0.0485766	-0.0493202	
0.189	0.00478143	-0.0049207	0.0487988	-0.0495303	
0.19	0.00483034	-0.00497034	0.0490197	-0.0497395	
0.191	0.00487947	-0.00502018	0.0492394	-0.049948	
0.192	0.00492882	-0.00507023	0.0494579	-0.0501557	
0.193	0.00497838	-0.00512049	0.0496751	-0.0503626	
0.194	0.00502817	-0.00517096	0.0498911	-0.0505686	
0.195	0.00507816	-0.00522163	0.050106	-0.0507738	
0.196	0.00512838	-0.0052725	0.0503199	-0.0509783	
0.197	0.0051788	-0.00532358	0.0505327	-0.0511819	
0.198	0.00522944	-0.00537487	0.0507447	-0.0513847	
0.199	0.00528029	-0.00542635	0.0509559	-0.0515866	
0.2	0.00533135	-0.00547804	0.0511664	-0.0517877	
0.201	0.00538263	-0.00552993	0.0513764	-0.051988	
0.202	0.00543411	-0.00558201	0.0515858	-0.0521875	
0.203	0.0054858	-0.0056343	0.051795	-0.0523861	
0.204	0.0055377	-0.00568679	0.0520039	-0.0525839	
0.205	0.0055898	-0.00573947	0.0522126	-0.0527809	
0.206	0.00564212	-0.00579235	0.0524212	-0.052977	
0.207	0.00569465	-0.00584542	0.0526298	-0.0531723	
0.208	0.00574738	-0.00589869	0.0528384	-0.0533667	
0.209	0.00580032	-0.00595216	0.053047	-0.0535603	
0.21	0.00585348	-0.00600581	0.0532557	-0.053753	
0.211	0.00590684	-0.00605966	0.0534643	-0.0539449	
0.212	0.0059604	-0.0061137	0.0536729	-0.0541359	
0.213	0.00601418	-0.00616793	0.0538815	-0.0543261	
0.214	0.00606817	-0.00622235	0.0540898	-0.0545153	
0.215	0.00612236	-0.00627696	0.054298	-0.0547038	
0.216	0.00617676	-0.00633176	0.0545057	-0.0548913	
0.217	0.00623137	-0.00638675	0.0547131	-0.055078	
0.218	0.00628619	-0.00644192	0.0549199	-0.0552638	
0.219	0.00634121	-0.00649727	0.055126	-0.0554487	
0.22	0.00639644	-0.00655281	0.0553313	-0.0556327	
0.221	0.00645187	-0.00660854	0.0555358	-0.0558158	
0.222	0.00650751	-0.00666444	0.0557393	-0.055998	
0.223	0.00656335	-0.00672053	0.0559417	-0.0561793	
0.224	0.00661939	-0.0067768	0.0561429	-0.0563598	
0.225	0.00667564	-0.00683325	0.056343	-0.0565393	
0.226	0.00673208	-0.00688988	0.0565417	-0.0567179	
0.227	0.00678872	-0.00694669	0.0567392	-0.0568956	
0.228	0.00684556	-0.00700367	0.0569354	-0.0570724	
0.229	0.00690259	-0.00706083	0.0571303	-0.0572482	
0.23	0.00695982	-0.00711817	0.0573239	-0.0574232	
0.231	0.00701724	-0.00717568	0.0575163	-0.0575972	
0.232	0.00707485	-0.00723336	0.0577076	-0.0577703	
0.233	0.00713265	-0.00729122	0.0578978	-0.0579425	
0.234	0.00719064	-0.00734925	0.058087	-0.0581137	
0.235	0.00724882	-0.00740744	0.0582753	-0.058284	
0.236	0.00730719	-0.00746581	0.0584628	-0.0584534	
0.237	0.00736575	-0.00752435	0.0586496	-0.0586219	
0.238	0.00742449	-0.00758306	0.0588359	-0.0587894	
0.239	0.00748342	-0.00764193	0.0590217	-0.058956	
0.24	0.00754254	-0.00770097	0.0592071	-0.0591216	
0.241	0.00760184	-0.00776017	0.0593922	-0.0592863	
0.242	0.00766132	-0.00781954	0.059577	-0.05945	
0.243	0.00772099	-0.00787907	0.0597618	-0.0596128	
0.244	0.00778084	-0.00793876	0.0599463	-0.0597747	
0.245	0.00784088	-0.00799862	0.0601308	-0.0599356	
0.246	0.00790111	-0.00805864	0.0603152	-0.0600955	
0.247	0.00796151	-0.00811881	0.0604996	-0.0602545	
0.248	0.0080221	-0.00817914	0.0606837	-0.0604126	
0.249	0.00808288	-0.00823964	0.0608677	-0.0605697	
0.25	0.00814384	-0.00830028	0.0610515	-0.0607258	
0.251	0.00820498	-0.00836109	0.061235	-0.0608809	
0.252	0.00826631	-0.00842204	0.061418	-0.0610351	
0.253	0.00832782	-0.00848316	0.0616006	-0.0611883	
0.254	0.00838951	-0.00854442	0.0617825	-0.0613405	
0.255	0.00845138	-0.00860584	0.0619637	-0.0614918	
0.256	0.00851344	-0.0086674	0.0621442	-0.061642	
0.257	0.00857567	-0.00872912	0.0623237	-0.0617913	
0.258	0.00863808	-0.00879099	0.0625021	-0.0619396	
0.259	0.00870068	-0.008853	0.0626795	-0.0620869	
0.26	0.00876344	-0.00891516	0.0628557	-0.0622332	
0.261	0.00882639	-0.00897746	0.0630306	-0.0623785	
0.262	0.0088895	-0.00903992	0.0632042	-0.0625228	
0.263	0.00895279	-0.00910251	0.0633765	-0.0626661	
0.264	0.00901626	-0.00916525	0.0635475	-0.0628084	
0.265	0.00907989	-0.00922813	0.0637171	-0.0629497	
0.266	0.00914369	-0.00929115	0.0638854	-0.06309	
0.267	0.00920766	-0.00935431	0.0640524	-0.0632292	
0.268	0.00927179	-0.0094176	0.0642182	-0.0633675	
0.269	0.00933609	-0.00948104	0.0643828	-0.0635047	
0.27	0.00940056	-0.00954461	0.0645463	-0.0636409	
0.271	0.00946519	-0.00960832	0.0647089	-0.0637762	
0.272	0.00952998	-0.00967216	0.0648706	-0.0639103	
0.273	0.00959493	-0.00973614	0.0650314	-0.0640435	
0.274	0.00966004	-0.00980025	0.0651916	-0.0641757	
0.275	0.00972531	-0.00986449	0.0653512	-0.0643068	
0.276	0.00979074	-0.00992886	0.0655103	-0.0644369	
0.277	0.00985633	-0.00999337	0.065669	-0.064566	
0.278	0.00992208	-0.010058	0.0658274	-0.064694	
0.279	0.00998798	-0.0101228	0.0659854	-0.064821	
0.28	0.010054	-0.0101876	0.0661433	-0.064947	
0.281	0.0101203	-0.0102526	0.0663009	-0.065072	
0.282	0.0101867	-0.0103178	0.0664583	-0.0651959	
0.283	0.0102532	-0.010383	0.0666156	-0.0653188	
0.284	0.0103199	-0.0104484	0.0667726	-0.0654406	
0.285	0.0103867	-0.0105139	0.0669294	-0.0655614	
0.286	0.0104537	-0.0105795	0.0670859	-0.0656812	
0.287	0.0105209	-0.0106453	0.067242	-0.0657999	
0.288	0.0105882	-0.0107111	0.0673976	-0.0659176	
0.289	0.0106557	-0.0107771	0.0675527	-0.0660342	
0.29	0.0107233	-0.0108432	0.0677071	-0.0661498	
0.291	0.0107911	-0.0109094	0.0678608	-0.0662643	
0.292	0.0108591	-0.0109757	0.0680136	-0.0663778	
0.293	0.0109271	-0.0110422	0.0681655	-0.0664902	
0.294	0.0109954	-0.0111087	0.0683164	-0.0666015	
0.295	0.0110638	-0.0111754	0.0684661	-0.0667118	
0.296	0.0111323	-0.0112421	0.0686146	-0.066821	
0.297	0.011201	-0.011309	0.0687618	-0.0669291	
0.298	0.0112698	-0.011376	0.0689077	-0.0670362	
0.299	0.0113388	-0.0114431	0.0690522	-0.0671422	
0.3	0.0114079	-0.0115103	0.0691953	-0.0672471	
0.301	0.0114772	-0.0115776	0.0693371	-0.0673509	
0.302	0.0115466	-0.011645	0.0694775	-0.0674537	
0.303	0.0116162	-0.0117125	0.0696166	-0.0675554	
0.304	0.0116858	-0.0117801	0.0697543	-0.067656	
0.305	0.0117557	-0.0118478	0.0698909	-0.0677555	
0.306	0.0118256	-0.0119156	0.0700263	-0.0678539	
0.307	0.0118957	-0.0119835	0.0701606	-0.0679513	
0.308	0.0119659	-0.0120515	0.070294	-0.0680476	
0.309	0.0120363	-0.0121196	0.0704264	-0.0681428	
0.31	0.0121068	-0.0121878	0.0705581	-0.0682369	
0.311	0.0121774	-0.0122561	0.0706891	-0.0683299	
0.312	0.0122482	-0.0123244	0.0708195	-0.0684218	
0.313	0.0123191	-0.0123929	0.0709494	-0.0685126	
0.314	0.0123901	-0.0124615	0.0710788	-0.0686024	
0.315	0.0124612	-0.0125301	0.0712079	-0.068691	
0.316	0.0125325	-0.0125989	0.0713366	-0.0687786	
0.317	0.0126039	-0.0126677	0.071465	-0.0688651	
0.318	0.0126754	-0.0127366	0.0715931	-0.0689505	
0.319	0.0127471	-0.0128056	0.071721	-0.0690347	
0.32	0.0128189	-0.0128747	0.0718486	-0.0691179	
0.321	0.0128908	-0.0129438	0.0719758	-0.0692	
0.322	0.0129628	-0.0130131	0.0721027	-0.069281	
0.323	0.013035	-0.0130824	0.0722292	-0.0693609	
0.324	0.0131073	-0.0131518	0.0723551	-0.0694397	
0.325	0.0131797	-0.0132213	0.0724805	-0.0695174	
0.326	0.0132522	-0.0132908	0.0726051	-0.069594	
0.327	0.0133249	-0.0133604	0.072729	-0.0696695	
0.328	0.0133977	-0.0134301	0.072852	-0.0697438	
0.329	0.0134706	-0.0134999	0.0729741	-0.0698171	
0.33	0.0135436	-0.0135698	0.0730951	-0.0698892	
0.331	0.0136168	-0.0136397	0.0732149	-0.0699602	
0.332	0.0136901	-0.0137097	0.0733335	-0.0700301	
0.333	0.0137635	-0.0137798	0.0734508	-0.0700989	
0.334	0.013837	-0.0138499	0.0735668	-0.0701666	
0.335	0.0139106	-0.0139201	0.0736814	-0.0702331	
0.336	0.0139843	-0.0139904	0.0737946	-0.0702985	
0.337	0.0140582	-0.0140607	0.0739064	-0.0703628	
0.338	0.0141321	-0.0141311	0.0740167	-0.070426	
0.339	0.0142062	-0.0142015	0.0741257	-0.070488	
0.34	0.0142804	-0.0142721	0.0742334	-0.0705489	
0.341	0.0143547	-0.0143426	0.0743398	-0.0706087	
0.342	0.0144291	-0.0144133	0.074445	-0.0706674	
0.343	0.0145036	-0.014484	0.074549	-0.0707249	
0.344	0.0145782	-0.0145547	0.074652	-0.0707813	
0.345	0.0146529	-0.0146255	0.074754	-0.0708366	
0.346	0.0147277	-0.0146964	0.0748552	-0.0708908	
0.347	0.0148026	-0.0147673	0.0749556	-0.0709438	
0.348	0.0148776	-0.0148383	0.0750553	-0.0709957	
0.349	0.0149527	-0.0149093	0.0751544	-0.0710465	
0.35	0.0150279	-0.0149804	0.075253	-0.0710961	
0.351	0.0151032	-0.0150515	0.0753511	-0.0711446	
0.352	0.0151786	-0.0151227	0.0754487	-0.071192	
0.353	0.0152541	-0.0151939	0.0755461	-0.0712382	
0.354	0.0153297	-0.0152651	0.075643	-0.0712834	
0.355	0.0154054	-0.0153365	0.0757396	-0.0713274	
0.356	0.0154812	-0.0154078	0.0758359	-0.0713702	
0.357	0.0155571	-0.0154792	0.0759317	-0.0714119	
0.358	0.015633	-0.0155506	0.0760271	-0.0714525	
0.359	0.0157091	-0.0156221	0.0761221	-0.071492	
0.36	0.0157853	-0.0156936	0.0762165	-0.0715303	
0.361	0.0158615	-0.0157652	0.0763103	-0.0715675	
0.362	0.0159379	-0.0158367	0.0764034	-0.0716036	
0.363	0.0160143	-0.0159084	0.0764957	-0.0716385	
0.364	0.0160909	-0.01598	0.0765871	-0.0716722	
0.365	0.0161675	-0.0160517	0.0766775	-0.0717049	
0.366	0.0162442	-0.0161234	0.0767669	-0.0717364	
0.367	0.0163211	-0.0161952	0.0768551	-0.0717667	
0.368	0.016398	-0.016267	0.076942	-0.0717959	
0.369	0.0164749	-0.0163388	0.0770277	-0.071824	
0.37	0.016552	-0.0164106	0.077112	-0.0718509	
0.371	0.0166292	-0.0164825	0.077195	-0.0718766	
0.372	0.0167064	-0.0165544	0.0772765	-0.0719012	
0.373	0.0167837	-0.0166263	0.0773566	-0.0719247	
0.374	0.0168611	-0.0166982	0.0774353	-0.071947	
0.375	0.0169386	-0.0167702	0.0775126	-0.0719682	
0.376	0.0170161	-0.0168421	0.0775885	-0.0719882	
0.377	0.0170938	-0.0169141	0.0776631	-0.0720071	
0.378	0.0171715	-0.0169862	0.0777364	-0.0720248	
0.379	0.0172492	-0.0170582	0.0778086	-0.0720413	
0.38	0.0173271	-0.0171302	0.0778797	-0.0720568	
0.381	0.017405	-0.0172023	0.0779497	-0.072071	
0.382	0.017483	-0.0172744	0.0780188	-0.0720842	
0.383	0.017561	-0.0173465	0.078087	-0.0720962	
0.384	0.0176391	-0.0174186	0.0781545	-0.072107	
0.385	0.0177173	-0.0174907	0.0782213	-0.0721167	
0.386	0.0177956	-0.0175628	0.0782876	-0.0721252	
0.387	0.0178739	-0.0176349	0.0783532	-0.0721326	
0.388	0.0179523	-0.0177071	0.0784184	-0.0721389	
0.389	0.0180307	-0.0177792	0.0784832	-0.072144	
0.39	0.0181093	-0.0178514	0.0785475	-0.072148	
0.391	0.0181878	-0.0179235	0.0786114	-0.0721508	
0.392	0.0182665	-0.0179957	0.0786749	-0.0721525	
0.393	0.0183452	-0.0180678	0.078738	-0.072153	
0.394	0.018424	-0.01814	0.0788006	-0.0721524	
0.395	0.0185028	-0.0182121	0.0788627	-0.0721507	
0.396	0.0185817	-0.0182843	0.0789242	-0.0721478	
0.397	0.0186606	-0.0183564	0.0789851	-0.0721438	
0.398	0.0187397	-0.0184286	0.0790452	-0.0721386	
0.399	0.0188187	-0.0185007	0.0791046	-0.0721322	
0.4	0.0188979	-0.0185728	0.0791631	-0.0721248	
0.401	0.0189771	-0.0186449	0.0792206	-0.0721161	
0.402	0.0190563	-0.018717	0.079277	-0.0721064	
0.403	0.0191356	-0.0187891	0.0793323	-0.0720955	
0.404	0.019215	-0.0188612	0.0793863	-0.0720834	
0.405	0.0192944	-0.0189333	0.0794391	-0.0720702	
0.406	0.0193738	-0.0190054	0.0794906	-0.0720558	
0.407	0.0194534	-0.0190774	0.0795406	-0.0720403	
0.408	0.0195329	-0.0191495	0.0795893	-0.0720236	
0.409	0.0196125	-0.0192215	0.0796365	-0.0720058	
0.41	0.0196922	-0.0192935	0.0796823	-0.0719868	
0.411	0.0197719	-0.0193654	0.0797267	-0.0719667	
0.412	0.0198517	-0.0194374	0.0797697	-0.0719455	
0.413	0.0199314	-0.0195093	0.0798113	-0.0719231	
0.414	0.0200113	-0.0195812	0.0798517	-0.0718995	
0.415	0.0200911	-0.0196531	0.0798909	-0.0718748	
0.416	0.0201711	-0.019725	0.0799289	-0.071849	
0.417	0.020251	-0.0197968	0.0799658	-0.071822	
0.418	0.020331	-0.0198686	0.0800018	-0.0717939	
0.419	0.020411	-0.0199404	0.0800368	-0.0717646	
0.42	0.0204911	-0.0200122	0.0800711	-0.0717342	
0.421	0.0205711	-0.0200839	0.0801046	-0.0717026	
0.422	0.0206513	-0.0201556	0.0801375	-0.07167	
0.423	0.0207314	-0.0202272	0.0801697	-0.0716361	
0.424	0.0208116	-0.0202988	0.0802015	-0.0716012	
0.425	0.0208918	-0.0203704	0.0802327	-0.0715651	
0.426	0.0209721	-0.020442	0.0802634	-0.0715279	
0.427	0.0210524	-0.0205135	0.0802937	-0.0714895	
0.428	0.0211327	-0.020585	0.0803236	-0.07145	
0.429	0.021213	-0.0206564	0.0803529	-0.0714094	
0.43	0.0212934	-0.0207278	0.0803818	-0.0713677	
0.431	0.0213738	-0.0207991	0.0804102	-0.0713248	
0.432	0.0214542	-0.0208704	0.0804379	-0.0712808	
0.433	0.0215346	-0.0209417	0.0804651	-0.0712356	
0.434	0.0216151	-0.0210129	0.0804915	-0.0711894	
0.435	0.0216956	-0.0210841	0.080517	-0.071142	
0.436	0.0217761	-0.0211552	0.0805418	-0.0710934	
0.437	0.0218567	-0.0212262	0.0805655	-0.0710438	
0.438	0.0219373	-0.0212973	0.0805882	-0.070993	
0.439	0.0220179	-0.0213682	0.0806098	-0.0709411	
0.44	0.0220985	-0.0214391	0.0806302	-0.070888	
0.441	0.0221791	-0.02151	0.0806493	-0.0708338	
0.442	0.0222598	-0.0215808	0.0806671	-0.0707785	
0.443	0.0223405	-0.0216516	0.0806835	-0.0707221	
0.444	0.0224212	-0.0217223	0.0806986	-0.0706646	
0.445	0.0225019	-0.0217929	0.0807122	-0.0706059	
0.446	0.0225826	-0.0218635	0.0807244	-0.0705461	
0.447	0.0226633	-0.021934	0.0807352	-0.0704851	
0.448	0.0227441	-0.0220044	0.0807446	-0.0704231	
0.449	0.0228248	-0.0220748	0.0807527	-0.0703599	
0.45	0.0229056	-0.0221452	0.0807595	-0.0702956	
0.451	0.0229863	-0.0222154	0.080765	-0.0702302	
0.452	0.0230671	-0.0222856	0.0807694	-0.0701636	
0.453	0.0231479	-0.0223557	0.0807727	-0.070096	
0.454	0.0232286	-0.0224258	0.0807749	-0.0700272	
0.455	0.0233094	-0.0224958	0.0807763	-0.0699573	
0.456	0.0233902	-0.0225657	0.0807768	-0.0698863	
0.457	0.023471	-0.0226356	0.0807765	-0.0698142	
0.458	0.0235517	-0.0227053	0.0807755	-0.069741	
0.459	0.0236325	-0.0227751	0.0807738	-0.0696667	
0.46	0.0237133	-0.0228447	0.0807716	-0.0695913	
0.461	0.0237941	-0.0229142	0.0807688	-0.0695148	
0.462	0.0238748	-0.0229837	0.0807656	-0.0694372	
0.463	0.0239556	-0.0230531	0.0807618	-0.0693585	
0.464	0.0240363	-0.0231224	0.0807576	-0.0692787	
0.465	0.0241171	-0.0231917	0.0807529	-0.0691978	
0.466	0.0241979	-0.0232608	0.0807477	-0.0691158	
0.467	0.0242786	-0.0233299	0.0807419	-0.0690327	
0.468	0.0243593	-0.0233989	0.0807356	-0.0689485	
0.469	0.0244401	-0.0234678	0.0807286	-0.0688632	
0.47	0.0245208	-0.0235366	0.0807209	-0.0687769	
0.471	0.0246015	-0.0236053	0.0807124	-0.0686894	
0.472	0.0246822	-0.023674	0.080703	-0.0686009	
0.473	0.0247629	-0.0237425	0.0806927	-0.0685112	
0.474	0.0248436	-0.023811	0.0806814	-0.0684205	
0.475	0.0249243	-0.0238794	0.080669	-0.0683287	
0.476	0.0250049	-0.0239477	0.0806554	-0.0682358	
0.477	0.0250856	-0.0240159	0.0806406	-0.0681418	
0.478	0.0251662	-0.024084	0.0806246	-0.0680468	
0.479	0.0252468	-0.024152	0.0806072	-0.0679506	
0.48	0.0253274	-0.0242199	0.0805884	-0.0678534	
0.481	0.025408	-0.0242877	0.0805682	-0.0677551	
0.482	0.0254886	-0.0243554	0.0805467	-0.0676557	
0.483	0.0255691	-0.024423	0.0805237	-0.0675552	
0.484	0.0256496	-0.0244905	0.0804994	-0.0674537	
0.485	0.0257301	-0.0245579	0.0804738	-0.0673511	
0.486	0.0258106	-0.0246252	0.0804468	-0.0672474	
0.487	0.025891	-0.0246924	0.0804186	-0.0671426	
0.488	0.0259714	-0.0247595	0.0803893	-0.0670368	
0.489	0.0260518	-0.0248264	0.0803588	-0.0669299	
0.49	0.0261321	-0.0248933	0.0803273	-0.066822	
0.491	0.0262124	-0.0249601	0.0802949	-0.066713	
0.492	0.0262927	-0.0250267	0.0802616	-0.0666029	
0.493	0.026373	-0.0250933	0.0802275	-0.0664918	
0.494	0.0264532	-0.0251597	0.0801926	-0.0663796	
0.495	0.0265333	-0.025226	0.0801571	-0.0662664	
0.496	0.0266135	-0.0252923	0.080121	-0.0661521	
0.497	0.0266936	-0.0253584	0.0800843	-0.0660368	
0.498	0.0267736	-0.0254243	0.0800471	-0.0659204	
0.499	0.0268537	-0.0254902	0.0800094	-0.065803	
0.5	0.0269337	-0.0255559	0.0799713	-0.0656846	
0.501	0.0270136	-0.0256216	0.0799326	-0.0655651	
0.502	0.0270935	-0.0256871	0.0798934	-0.0654446	
0.503	0.0271734	-0.0257524	0.0798536	-0.065323	
0.504	0.0272532	-0.0258177	0.0798133	-0.0652004	
0.505	0.027333	-0.0258829	0.0797724	-0.0650768	
0.506	0.0274128	-0.0259479	0.0797308	-0.0649522	
0.507	0.0274925	-0.0260128	0.0796884	-0.0648265	
0.508	0.0275722	-0.0260775	0.0796451	-0.0646998	
0.509	0.0276518	-0.0261422	0.079601	-0.0645721	
0.51	0.0277314	-0.0262067	0.0795559	-0.0644433	
0.511	0.0278109	-0.026271	0.0795098	-0.0643135	
0.512	0.0278904	-0.0263353	0.0794625	-0.0641827	
0.513	0.0279698	-0.0263994	0.0794141	-0.0640509	
0.514	0.0280492	-0.0264634	0.0793644	-0.0639181	
0.515	0.0281285	-0.0265272	0.0793134	-0.0637843	
0.516	0.0282078	-0.026591	0.0792611	-0.0636494	
0.517	0.0282871	-0.0266545	0.0792075	-0.0635135	
0.518	0.0283662	-0.026718	0.0791525	-0.0633766	
0.519	0.0284454	-0.0267813	0.0790962	-0.0632387	
0.52	0.0285244	-0.0268445	0.0790385	-0.0630998	
0.521	0.0286034	-0.0269075	0.0789795	-0.0629599	
0.522	0.0286824	-0.0269704	0.0789193	-0.062819	
0.523	0.0287613	-0.0270331	0.0788578	-0.0626771	
0.524	0.0288401	-0.0270957	0.0787951	-0.0625342	
0.525	0.0289189	-0.0271582	0.0787314	-0.0623904	
0.526	0.0289976	-0.0272205	0.0786666	-0.0622455	
0.527	0.0290762	-0.0272827	0.0786009	-0.0620996	
0.528	0.0291548	-0.0273447	0.0785343	-0.0619528	
0.529	0.0292333	-0.0274066	0.0784669	-0.0618049	
0.53	0.0293117	-0.0274683	0.0783987	-0.0616561	
0.531	0.0293901	-0.0275299	0.0783299	-0.0615064	
0.532	0.0294684	-0.0275913	0.0782604	-0.0613556	
0.533	0.0295466	-0.0276526	0.0781904	-0.0612039	
0.534	0.0296247	-0.0277137	0.0781199	-0.0610512	
0.535	0.0297028	-0.0277747	0.0780488	-0.0608976	
0.536	0.0297808	-0.0278355	0.0779773	-0.060743	
0.537	0.0298588	-0.0278962	0.0779053	-0.0605874	
0.538	0.0299367	-0.0279567	0.0778327	-0.0604309	
0.539	0.0300145	-0.0280171	0.0777597	-0.0602734	
0.54	0.0300922	-0.0280773	0.0776861	-0.060115	
0.541	0.0301698	-0.0281373	0.0776119	-0.0599556	
0.542	0.0302474	-0.0281972	0.077537	-0.0597953	
0.543	0.0303249	-0.0282569	0.0774615	-0.059634	
0.544	0.0304023	-0.0283164	0.0773851	-0.0594718	
0.545	0.0304797	-0.0283758	0.0773079	-0.0593086	
0.546	0.0305569	-0.0284351	0.0772298	-0.0591446	
0.547	0.0306341	-0.0284941	0.0771506	-0.0589795	
0.548	0.0307112	-0.028553	0.0770704	-0.0588136	
0.549	0.0307883	-0.0286117	0.0769891	-0.0586467	
0.55	0.0308652	-0.0286703	0.0769066	-0.0584788	
0.551	0.0309421	-0.0287287	0.0768229	-0.0583101	
0.552	0.0310189	-0.0287869	0.0767379	-0.0581404	
0.553	0.0310956	-0.028845	0.0766517	-0.0579698	
0.554	0.0311722	-0.0289029	0.0765641	-0.0577983	
0.555	0.0312487	-0.0289606	0.0764752	-0.0576258	
0.556	0.0313251	-0.0290181	0.0763851	-0.0574525	
0.557	0.0314015	-0.0290755	0.0762936	-0.0572782	
0.558	0.0314777	-0.0291327	0.076201	-0.057103	
0.559	0.0315539	-0.0291897	0.0761071	-0.0569269	
0.56	0.0316299	-0.0292465	0.0760121	-0.05675	
0.561	0.0317059	-0.0293032	0.075916	-0.0565721	
0.562	0.0317817	-0.0293597	0.0758189	-0.0563933	
0.563	0.0318575	-0.029416	0.0757209	-0.0562136	
0.564	0.0319332	-0.0294721	0.075622	-0.056033	
0.565	0.0320088	-0.029528	0.0755223	-0.0558516	
0.566	0.0320842	-0.0295838	0.0754219	-0.0556693	
0.567	0.0321596	-0.0296394	0.0753208	-0.055486	
0.568	0.0322349	-0.0296948	0.0752191	-0.055302	
0.569	0.03231	-0.02975	0.0751168	-0.055117	
0.57	0.0323851	-0.029805	0.075014	-0.0549312	
0.571	0.0324601	-0.0298598	0.0749108	-0.0547445	
0.572	0.0325349	-0.0299145	0.074807	-0.0545569	
0.573	0.0326097	-0.029969	0.0747028	-0.0543685	
0.574	0.0326843	-0.0300232	0.0745981	-0.0541793	
0.575	0.0327589	-0.0300773	0.0744929	-0.0539891	
0.576	0.0328333	-0.0301312	0.0743872	-0.0537982	
0.577	0.0329076	-0.0301849	0.0742809	-0.0536063	
0.578	0.0329819	-0.0302384	0.074174	-0.0534137	
0.579	0.033056	-0.0302917	0.0740665	-0.0532202	
0.58	0.03313	-0.0303449	0.0739582	-0.0530258	
0.581	0.0332039	-0.0303978	0.0738491	-0.0528306	
0.582	0.0332777	-0.0304505	0.0737392	-0.0526346	
0.583	0.0333514	-0.0305031	0.0736284	-0.0524378	
0.584	0.033425	-0.0305554	0.0735165	-0.0522401	
0.585	0.0334984	-0.0306075	0.0734036	-0.0520416	
0.586	0.0335718	-0.0306595	0.0732896	-0.0518423	
0.587	0.033645	-0.0307112	0.0731745	-0.0516421	
0.588	0.0337181	-0.0307628	0.0730581	-0.0514411	
0.589	0.0337911	-0.0308141	0.0729406	-0.0512393	
0.59	0.033864	-0.0308652	0.0728218	-0.0510367	
0.591	0.0339368	-0.0309162	0.0727017	-0.0508333	
0.592	0.0340094	-0.0309669	0.0725805	-0.0506291	
0.593	0.0340819	-0.0310174	0.072458	-0.0504241	
0.594	0.0341543	-0.0310678	0.0723343	-0.0502183	
0.595	0.0342266	-0.0311179	0.0722095	-0.0500117	
0.596	0.0342987	-0.0311678	0.0720836	-0.0498042	
0.597	0.0343708	-0.0312175	0.0719566	-0.049596	
0.598	0.0344426	-0.031267	0.0718287	-0.0493871	
0.599	0.0345144	-0.0313162	0.0716999	-0.0491773	
0.6	0.034586	-0.0313653	0.0715702	-0.0489668	
0.601	0.0346576	-0.0314142	0.0714397	-0.0487555	
0.602	0.0347289	-0.0314628	0.0713086	-0.0485434	
0.603	0.0348002	-0.0315113	0.0711767	-0.0483305	
0.604	0.0348713	-0.0315595	0.0710443	-0.0481169	
0.605	0.0349423	-0.0316075	0.0709114	-0.0479026	
0.606	0.0350131	-0.0316553	0.070778	-0.0476875	
0.607	0.0350838	-0.0317029	0.070644	-0.0474716	
0.608	0.0351544	-0.0317502	0.0705097	-0.047255	
0.609	0.0352248	-0.0317974	0.0703749	-0.0470377	
0.61	0.0352951	-0.0318443	0.0702397	-0.0468196	
0.611	0.0353653	-0.031891	0.070104	-0.0466007	
0.612	0.0354353	-0.0319375	0.0699679	-0.0463812	
0.613	0.0355052	-0.0319838	0.0698312	-0.0461609	
0.614	0.035575	-0.0320298	0.069694	-0.0459399	
0.615	0.0356446	-0.0320757	0.0695562	-0.0457182	
0.616	0.0357141	-0.0321213	0.0694177	-0.0454957	
0.617	0.0357835	-0.0321667	0.0692785	-0.0452726	
0.618	0.0358527	-0.0322118	0.0691385	-0.0450487	
0.619	0.0359217	-0.0322568	0.0689977	-0.0448241	
0.62	0.0359907	-0.0323015	0.068856	-0.0445988	
0.621	0.0360595	-0.032346	0.0687133	-0.0443728	
0.622	0.0361281	-0.0323902	0.0685695	-0.0441461	
0.623	0.0361966	-0.0324342	0.0684247	-0.0439187	
0.624	0.0362649	-0.032478	0.0682788	-0.0436906	
0.625	0.0363332	-0.0325216	0.0681318	-0.0434618	
0.626	0.0364012	-0.032565	0.0679836	-0.0432323	
0.627	0.0364691	-0.0326081	0.0678343	-0.0430021	
0.628	0.0365369	-0.032651	0.0676838	-0.0427713	
0.629	0.0366045	-0.0326936	0.0675321	-0.0425398	
0.63	0.0366719	-0.0327361	0.0673793	-0.0423076	
0.631	0.0367392	-0.0327782	0.0672255	-0.0420747	
0.632	0.0368064	-0.0328202	0.0670705	-0.0418412	
0.633	0.0368734	-0.0328619	0.0669147	-0.041607	
0.634	0.0369402	-0.0329034	0.0667578	-0.0413721	
0.635	0.0370069	-0.0329447	0.0666001	-0.0411366	
0.636	0.0370734	-0.0329857	0.0664417	-0.0409005	
0.637	0.0371398	-0.0330265	0.0662824	-0.0406637	
0.638	0.037206	-0.033067	0.0661225	-0.0404263	
0.639	0.037272	-0.0331073	0.065962	-0.0401882	
0.64	0.0373379	-0.0331474	0.065801	-0.0399495	
0.641	0.0374036	-0.0331872	0.0656394	-0.0397102	
0.642	0.0374692	-0.0332268	0.0654774	-0.0394703	
0.643	0.0375346	-0.0332662	0.0653149	-0.0392297	
0.644	0.0375998	-0.0333053	0.065152	-0.0389885	
0.645	0.0376649	-0.0333441	0.0649888	-0.0387467	
0.646	0.0377298	-0.0333828	0.0648252	-0.0385044	
0.647	0.0377945	-0.0334211	0.0646611	-0.0382614	
0.648	0.0378591	-0.0334593	0.0644967	-0.0380178	
0.649	0.0379235	-0.0334972	0.0643318	-0.0377736	
0.65	0.0379878	-0.0335348	0.0641664	-0.0375288	
0.651	0.0380519	-0.0335722	0.0640005	-0.0372834	
0.652	0.0381158	-0.0336094	0.063834	-0.0370375	
0.653	0.0381795	-0.0336463	0.0636669	-0.036791	
0.654	0.0382431	-0.033683	0.063499	-0.0365438	
0.655	0.0383065	-0.0337194	0.0633304	-0.0362962	
0.656	0.0383698	-0.0337556	0.063161	-0.0360479	
0.657	0.0384329	-0.0337915	0.0629908	-0.0357991	
0.658	0.0384958	-0.0338272	0.0628196	-0.0355497	
0.659	0.0385585	-0.0338626	0.0626474	-0.0352998	
0.66	0.0386211	-0.0338978	0.0624742	-0.0350492	
0.661	0.0386834	-0.0339327	0.0622999	-0.0347982	
0.662	0.0387457	-0.0339674	0.0621246	-0.0345466	
0.663	0.0388077	-0.0340018	0.0619483	-0.0342944	
0.664	0.0388695	-0.034036	0.0617708	-0.0340417	
0.665	0.0389312	-0.0340699	0.0615923	-0.0337885	
0.666	0.0389927	-0.0341035	0.0614128	-0.0335347	
0.667	0.0390541	-0.0341369	0.0612322	-0.0332804	
0.668	0.0391152	-0.0341701	0.0610507	-0.0330256	
0.669	0.0391762	-0.034203	0.0608682	-0.0327703	
0.67	0.0392369	-0.0342356	0.0606849	-0.0325144	
0.671	0.0392975	-0.034268	0.0605008	-0.032258	
0.672	0.0393579	-0.0343001	0.0603159	-0.0320012	
0.673	0.0394182	-0.034332	0.0601304	-0.0317438	
0.674	0.0394782	-0.0343636	0.0599442	-0.0314859	
0.675	0.039538	-0.034395	0.0597574	-0.0312276	
0.676	0.0395977	-0.0344261	0.0595702	-0.0309687	
0.677	0.0396572	-0.0344569	0.0593825	-0.0307094	
0.678	0.0397165	-0.0344875	0.0591944	-0.0304496	
0.679	0.0397756	-0.0345178	0.0590059	-0.0301893	
0.68	0.0398345	-0.0345479	0.058817	-0.0299285	
0.681	0.0398932	-0.0345777	0.0586279	-0.0296673	
0.682	0.0399517	-0.0346072	0.0584384	-0.0294056	
0.683	0.0400101	-0.0346365	0.0582485	-0.0291435	
0.684	0.0400682	-0.0346655	0.0580584	-0.0288809	
0.685	0.0401262	-0.0346943	0.0578678	-0.0286178	
0.686	0.040184	-0.0347227	0.0576768	-0.0283543	
0.687	0.0402416	-0.034751	0.0574854	-0.0280904	
0.688	0.0402989	-0.0347789	0.0572935	-0.027826	
0.689	0.0403561	-0.0348066	0.0571011	-0.0275612	
0.69	0.0404131	-0.034834	0.056908	-0.027296	
0.691	0.04047	-0.0348612	0.0567143	-0.0270304	
0.692	0.0405266	-0.0348881	0.0565199	-0.0267643	
0.693	0.040583	-0.0349147	0.0563247	-0.0264978	
0.694	0.0406392	-0.0349411	0.0561287	-0.0262309	
0.695	0.0406953	-0.0349672	0.0559318	-0.0259635	
0.696	0.0407511	-0.034993	0.055734	-0.0256958	
0.697	0.0408067	-0.0350186	0.0555352	-0.0254276	
0.698	0.0408622	-0.0350439	0.0553356	-0.0251591	
0.699	0.0409174	-0.0350689	0.0551349	-0.0248902	
0.7	0.0409724	-0.0350937	0.0549332	-0.0246208	
0.701	0.0410273	-0.0351182	0.0547306	-0.0243511	
0.702	0.0410819	-0.0351424	0.0545271	-0.024081	
0.703	0.0411363	-0.0351663	0.0543226	-0.0238105	
0.704	0.0411905	-0.03519	0.0541172	-0.0235397	
0.705	0.0412445	-0.0352134	0.053911	-0.0232685	
0.706	0.0412984	-0.0352365	0.053704	-0.0229969	
0.707	0.041352	-0.0352594	0.0534962	-0.0227249	
0.708	0.0414053	-0.035282	0.0532878	-0.0224527	
0.709	0.0414585	-0.0353043	0.0530788	-0.02218	
0.71	0.0415115	-0.0353263	0.0528692	-0.021907	
0.711	0.0415643	-0.0353481	0.052659	-0.0216337	
0.712	0.0416168	-0.0353696	0.0524485	-0.02136	
0.713	0.0416692	-0.0353908	0.0522375	-0.021086	
0.714	0.0417213	-0.0354118	0.0520262	-0.0208117	
0.715	0.0417732	-0.0354324	0.0518146	-0.0205371	
0.716	0.0418249	-0.0354528	0.0516027	-0.0202621	
0.717	0.0418764	-0.035473	0.0513906	-0.0199868	
0.718	0.0419277	-0.0354928	0.0511781	-0.0197112	
0.719	0.0419788	-0.0355124	0.0509655	-0.0194354	
0.72	0.0420296	-0.0355317	0.0507525	-0.0191592	
0.721	0.0420803	-0.0355507	0.0505393	-0.0188827	
0.722	0.0421307	-0.0355695	0.0503257	-0.018606	
0.723	0.0421809	-0.0355879	0.0501118	-0.0183289	
0.724	0.0422309	-0.0356061	0.0498975	-0.0180516	
0.725	0.0422807	-0.035624	0.0496827	-0.017774	
0.726	0.0423303	-0.0356417	0.0494675	-0.0174961	
0.727	0.0423797	-0.035659	0.0492516	-0.0172179	
0.728	0.0424288	-0.0356761	0.0490352	-0.0169395	
0.729	0.0424777	-0.0356929	0.0488182	-0.0166608	
0.73	0.0425264	-0.0357094	0.0486004	-0.0163819	
0.731	0.0425749	-0.0357257	0.0483818	-0.0161027	
0.732	0.0426232	-0.0357416	0.0481625	-0.0158232	
0.733	0.0426713	-0.0357573	0.0479423	-0.0155435	
0.734	0.0427191	-0.0357727	0.0477213	-0.0152636	
0.735	0.0427667	-0.0357878	0.0474995	-0.0149834	
0.736	0.0428141	-0.0358027	0.0472767	-0.014703	
0.737	0.0428613	-0.0358172	0.0470531	-0.0144224	
0.738	0.0429082	-0.0358315	0.0468287	-0.0141415	
0.739	0.0429549	-0.0358455	0.0466034	-0.0138604	
0.74	0.0430014	-0.0358592	0.0463773	-0.0135791	
0.741	0.0430477	-0.0358727	0.0461505	-0.0132976	
0.742	0.0430937	-0.0358858	0.045923	-0.0130159	
0.743	0.0431395	-0.0358987	0.0456948	-0.012734	
0.744	0.0431851	-0.0359113	0.045466	-0.0124519	
0.745	0.0432304	-0.0359236	0.0452366	-0.0121696	
0.746	0.0432756	-0.0359356	0.0450068	-0.0118871	
0.747	0.0433205	-0.0359474	0.0447766	-0.0116044	
0.748	0.0433651	-0.0359589	0.0445459	-0.0113216	
0.749	0.0434095	-0.03597	0.044315	-0.0110386	
0.75	0.0434537	-0.0359809	0.0440838	-0.0107554	
0.751	0.0434977	-0.0359915	0.0438523	-0.0104721	
0.752	0.0435414	-0.0360019	0.0436206	-0.0101886	
0.753	0.043585	-0.0360119	0.0433887	-0.00990494	
0.754	0.0436282	-0.0360217	0.0431567	-0.00962114	
0.755	0.0436713	-0.0360312	0.0429245	-0.00933721	
0.756	0.0437141	-0.0360404	0.0426921	-0.00905314	
0.757	0.0437566	-0.0360493	0.0424594	-0.00876893	
0.758	0.043799	-0.0360579	0.0422266	-0.0084846	
0.759	0.0438411	-0.0360662	0.0419935	-0.00820014	
0.76	0.043883	-0.0360743	0.0417601	-0.00791555	
0.761	0.0439246	-0.0360821	0.0415264	-0.00763086	
0.762	0.043966	-0.0360896	0.0412923	-0.00734605	
0.763	0.0440072	-0.0360968	0.0410577	-0.00706113	
0.764	0.0440481	-0.0361037	0.0408227	-0.0067761	
0.765	0.0440889	-0.0361103	0.0405871	-0.00649098	
0.766	0.0441293	-0.0361167	0.0403509	-0.00620575	
0.767	0.0441696	-0.0361227	0.0401141	-0.00592044	
0.768	0.0442095	-0.0361285	0.0398767	-0.00563504	
0.769	0.0442493	-0.036134	0.0396385	-0.00534955	
0.77	0.0442888	-0.0361392	0.0393996	-0.00506398	
0.771	0.0443281	-0.0361441	0.0391599	-0.00477834	
0.772	0.0443671	-0.0361488	0.0389195	-0.00449262	
0.773	0.0444059	-0.0361531	0.0386784	-0.00420684	
0.774	0.0444445	-0.0361572	0.0384365	-0.003921	
0.775	0.0444828	-0.036161	0.0381939	-0.0036351	
0.776	0.0445209	-0.0361644	0.0379505	-0.00334915	
0.777	0.0445587	-0.0361677	0.0377066	-0.00306314	
0.778	0.0445963	-0.0361706	0.037462	-0.0027771	
0.779	0.0446336	-0.0361732	0.0372169	-0.00249102	
0.78	0.0446707	-0.0361756	0.0369712	-0.0022049	
0.781	0.0447076	-0.0361776	0.0367251	-0.00191876	
0.782	0.0447442	-0.0361794	0.0364786	-0.0016326	
0.783	0.0447805	-0.0361809	0.0362317	-0.00134641	
0.784	0.0448166	-0.0361821	0.0359846	-0.00106022	
0.785	0.0448525	-0.036183	0.0357372	-0.000774017	
0.786	0.0448881	-0.0361836	0.0354896	-0.000487811	
0.787	0.0449235	-0.036184	0.0352418	-0.000201608	
0.788	0.0449586	-0.036184	0.0349939	8.45886e-05	
0.789	0.0449935	-0.0361838	0.0347459	0.000370773	
0.79	0.0450281	-0.0361833	0.0344978	0.000656941	
0.791	0.0450625	-0.0361825	0.0342496	0.000943088	
0.792	0.0450966	-0.0361814	0.0340014	0.00122921	
0.793	0.0451305	-0.03618	0.033753	0.0015153	
0.794	0.0451641	-0.0361784	0.0335045	0.00180136	
0.795	0.0451975	-0.0361764	0.0332558	0.00208738	
0.796	0.0452306	-0.0361742	0.033007	0.00237336	
0.797	0.0452635	-0.0361717	0.0327579	0.00265929	
0.798	0.0452961	-0.0361689	0.0325086	0.00294516	
0.799	0.0453285	-0.0361658	0.0322589	0.00323099	
0.8	0.0453606	-0.0361624	0.0320089	0.00351675	
0.801	0.0453925	-0.0361588	0.0317585	0.00380246	
0.802	0.0454242	-0.0361548	0.0315076	0.00408809	
0.803	0.0454555	-0.0361506	0.0312562	0.00437366	
0.804	0.0454867	-0.0361461	0.0310042	0.00465914	
0.805	0.0455176	-0.0361413	0.0307517	0.00494455	
0.806	0.0455482	-0.0361362	0.0304986	0.00522988	
0.807	0.0455786	-0.0361308	0.0302448	0.00551512	
0.808	0.0456087	-0.0361251	0.0299905	0.00580026	
0.809	0.0456385	-0.0361192	0.0297355	0.00608531	
0.81	0.0456681	-0.036113	0.0294798	0.00637026	
0.811	0.0456975	-0.0361065	0.0292236	0.0066551	
0.812	0.0457266	-0.0360997	0.0289668	0.00693983	
0.813	0.0457554	-0.0360926	0.0287094	0.00722445	
0.814	0.045784	-0.0360852	0.0284515	0.00750894	
0.815	0.0458123	-0.0360776	0.0281932	0.00779331	
0.816	0.0458404	-0.0360696	0.0279344	0.00807755	
0.817	0.0458682	-0.0360614	0.0276753	0.00836165	
0.818	0.0458957	-0.0360529	0.0274158	0.00864561	
0.819	0.045923	-0.0360441	0.0271561	0.00892943	
0.82	0.0459501	-0.0360351	0.0268962	0.0092131	
0.821	0.0459768	-0.0360257	0.0266362	0.00949661	
0.822	0.0460033	-0.0360161	0.026376	0.00977996	
0.823	0.0460296	-0.0360061	0.0261157	0.0100631	
0.824	0.0460556	-0.0359959	0.0258554	0.0103462	
0.825	0.0460813	-0.0359854	0.0255951	0.010629	
0.826	0.0461067	-0.0359747	0.0253348	0.0109117	
0.827	0.046132	-0.0359636	0.0250745	0.0111941	
0.828	0.0461569	-0.0359523	0.0248142	0.0114764	
0.829	0.0461816	-0.0359407	0.0245539	0.0117585	
0.83	0.046206	-0.0359288	0.0242936	0.0120404	
0.831	0.0462302	-0.0359166	0.0240333	0.0123221	
0.832	0.0462541	-0.0359041	0.0237728	0.0126036	
0.833	0.0462777	-0.0358914	0.0235123	0.0128849	
0.834	0.0463011	-0.0358784	0.0232516	0.013166	
0.835	0.0463242	-0.035865	0.0229907	0.0134469	
0.836	0.0463471	-0.0358515	0.0227296	0.0137275	
0.837	0.0463697	-0.0358376	0.0224681	0.0140079	
0.838	0.046392	-0.0358234	0.0222064	0.0142881	
0.839	0.0464141	-0.035809	0.0219443	0.014568	
0.84	0.0464359	-0.0357943	0.0216817	0.0148477	
0.841	0.0464575	-0.0357793	0.0214187	0.0151272	
0.842	0.0464787	-0.0357641	0.0211553	0.0154064	
0.843	0.0464998	-0.0357485	0.0208913	0.0156854	
0.844	0.0465205	-0.0357327	0.0206269	0.0159641	
0.845	0.046541	-0.0357166	0.0203619	0.0162426	
0.846	0.0465612	-0.0357002	0.0200965	0.0165208	
0.847	0.0465812	-0.0356835	0.0198305	0.0167987	
0.848	0.0466009	-0.0356666	0.0195641	0.0170764	
0.849	0.0466203	-0.0356494	0.0192973	0.0173538	
0.85	0.0466395	-0.0356319	0.01903	0.0176309	
0.851	0.0466584	-0.0356141	0.0187624	0.0179077	
0.852	0.046677	-0.0355961	0.0184945	0.0181842	
0.853	0.0466954	-0.0355778	0.0182263	0.0184605	
0.854	0.0467135	-0.0355592	0.0179579	0.0187364	
0.855	0.0467313	-0.0355403	0.0176893	0.019012	
0.856	0.0467489	-0.0355211	0.0174206	0.0192873	
0.857	0.0467661	-0.0355017	0.0171519	0.0195623	
0.858	0.0467832	-0.035482	0.0168831	0.019837	
0.859	0.0467999	-0.035462	0.0166144	0.0201114	
0.86	0.0468164	-0.0354418	0.0163456	0.0203854	
0.861	0.0468326	-0.0354213	0.016077	0.0206591	
0.862	0.0468485	-0.0354005	0.0158085	0.0209324	
0.863	0.0468642	-0.0353794	0.0155401	0.0212055	
0.864	0.0468796	-0.0353581	0.0152717	0.0214781	
0.865	0.0468948	-0.0353364	0.0150035	0.0217504	
0.866	0.0469096	-0.0353146	0.0147354	0.0220224	
0.867	0.0469242	-0.0352924	0.0144674	0.022294	
0.868	0.0469386	-0.03527	0.0141993	0.0225652	
0.869	0.0469526	-0.0352473	0.0139313	0.0228361	
0.87	0.0469664	-0.0352243	0.0136633	0.0231066	
0.871	0.04698	-0.0352011	0.0133952	0.0233767	
0.872	0.0469932	-0.0351775	0.013127	0.0236465	
0.873	0.0470062	-0.0351538	0.0128586	0.0239159	
0.874	0.0470189	-0.0351297	0.01259	0.0241848	
0.875	0.0470314	-0.0351054	0.0123212	0.0244534	
0.876	0.0470436	-0.0350808	0.0120521	0.0247216	
0.877	0.0470555	-0.035056	0.0117827	0.0249894	
0.878	0.0470671	-0.0350308	0.011513	0.0252568	
0.879	0.0470785	-0.0350054	0.0112429	0.0255238	
0.88	0.0470896	-0.0349798	0.0109724	0.0257904	
0.881	0.0471005	-0.0349539	0.0107015	0.0260565	
0.882	0.047111	-0.0349277	0.0104303	0.0263223	
0.883	0.0471213	-0.0349012	0.0101587	0.0265876	
0.884	0.0471313	-0.0348745	0.00988674	0.0268525	
0.885	0.0471411	-0.0348475	0.00961448	0.027117	
0.886	0.0471506	-0.0348203	0.00934192	0.027381	
0.887	0.0471598	-0.0347927	0.00906912	0.0276446	
0.888	0.0471687	-0.034765	0.0087961	0.0279077	
0.889	0.0471774	-0.0347369	0.00852293	0.0281704	
0.89	0.0471858	-0.0347086	0.00824964	0.0284327	
0.891	0.0471939	-0.0346801	0.00797628	0.0286945	
0.892	0.0472017	-0.0346512	0.00770291	0.0289558	
0.893	0.0472093	-0.0346222	0.00742957	0.0292166	
0.894	0.0472166	-0.0345928	0.0071563	0.029477	
0.895	0.0472236	-0.0345632	0.00688314	0.0297369	
0.896	0.0472303	-0.0345333	0.00661013	0.0299963	
0.897	0.0472368	-0.0345032	0.00633729	0.0302553	
0.898	0.047243	-0.0344728	0.00606465	0.0305137	
0.899	0.0472489	-0.0344422	0.00579221	0.0307717	
0.9	0.0472546	-0.0344113	0.00551999	0.0310291	
0.901	0.04726	-0.0343801	0.00524797	0.0312861	
0.902	0.0472651	-0.0343487	0.00497616	0.0315425	
0.903	0.0472699	-0.034317	0.00470452	0.0317985	
0.904	0.0472745	-0.0342851	0.00443304	0.0320539	
0.905	0.0472788	-0.0342529	0.00416169	0.0323088	
0.906	0.0472828	-0.0342205	0.00389044	0.0325632	
0.907	0.0472866	-0.0341878	0.00361923	0.032817	
0.908	0.0472901	-0.0341549	0.00334805	0.0330704	
0.909	0.0472933	-0.0341217	0.00307683	0.0333232	
0.91	0.0472962	-0.0340882	0.00280555	0.0335754	
0.911	0.0472989	-0.0340545	0.00253416	0.0338272	
0.912	0.0473013	-0.0340206	0.00226262	0.0340783	
0.913	0.0473034	-0.0339864	0.00199091	0.034329	
0.914	0.0473053	-0.0339519	0.00171899	0.0345791	
0.915	0.0473069	-0.0339172	0.00144684	0.0348286	
0.916	0.0473082	-0.0338822	0.00117446	0.0350776	
0.917	0.0473092	-0.033847	0.000901825	0.035326	
0.918	0.04731	-0.0338116	0.000628943	0.0355738	
0.919	0.0473105	-0.0337759	0.000355819	0.0358211	
0.92	0.0473107	-0.03374	8.24709e-05	0.0360678	
0.921	0.0473106	-0.0337038	-0.000191081	0.036314	
0.922	0.0473103	-0.0336673	-0.000464806	0.0365595	
0.923	0.0473097	-0.0336306	-0.000738672	0.0368045	
0.924	0.0473088	-0.0335937	-0.00101264	0.0370488	
0.925	0.0473077	-0.0335565	-0.00128666	0.0372926	
0.926	0.0473062	-0.0335191	-0.00156069	0.0375358	
0.927	0.0473045	-0.0334815	-0.00183469	0.0377784	
0.928	0.0473026	-0.0334436	-0.00210861	0.0380203	
0.929	0.0473003	-0.0334054	-0.0023824	0.0382617	
0.93	0.0472978	-0.0333671	-0.00265602	0.0385025	
0.931	0.047295	-0.0333284	-0.00292943	0.0387426	
0.932	0.047292	-0.0332896	-0.00320259	0.0389821	
0.933	0.0472886	-0.0332505	-0.00347549	0.039221	
0.934	0.047285	-0.0332111	-0.00374809	0.0394592	
0.935	0.0472811	-0.0331715	-0.00402039	0.0396968	
0.936	0.047277	-0.0331317	-0.00429237	0.0399338	
0.937	0.0472725	-0.0330917	-0.00456403	0.0401701	
0.938	0.0472678	-0.0330514	-0.00483539	0.0404058	
0.939	0.0472629	-0.0330109	-0.00510646	0.0406408	
0.94	0.0472576	-0.0329701	-0.00537725	0.0408752	
0.941	0.0472521	-0.0329291	-0.00564779	0.0411089	
0.942	0.0472463	-0.0328879	-0.00591813	0.041342	
0.943	0.0472403	-0.0328464	-0.00618828	0.0415744	
0.944	0.0472339	-0.0328047	-0.00645829	0.0418061	
0.945	0.0472274	-0.0327628	-0.0067282	0.0420372	
0.946	0.0472205	-0.0327207	-0.00699805	0.0422676	
0.947	0.0472134	-0.0326783	-0.00726788	0.0424973	
0.948	0.047206	-0.0326357	-0.00753771	0.0427263	
0.949	0.0471983	-0.0325928	-0.0078076	0.0429546	
0.95	0.0471903	-0.0325498	-0.00807755	0.0431823	
0.951	0.0471821	-0.0325065	-0.0083476	0.0434093	
0.952	0.0471736	-0.032463	-0.00861776	0.0436355	
0.953	0.0471649	-0.0324192	-0.00888803	0.0438611	
0.954	0.0471559	-0.0323752	-0.00915843	0.044086	
0.955	0.0471466	-0.032331	-0.00942895	0.0443102	
0.956	0.047137	-0.0322866	-0.00969957	0.0445337	
0.957	0.0471272	-0.032242	-0.00997027	0.0447564	
0.958	0.0471171	-0.0321971	-0.010241	0.0449785	
0.959	0.0471067	-0.032152	-0.0105118	0.0451998	
0.96	0.047096	-0.0321067	-0.0107826	0.0454204	
0.961	0.0470851	-0.0320612	-0.0110533	0.0456403	
0.962	0.0470739	-0.0320154	-0.011324	0.0458594	
0.963	0.0470625	-0.0319694	-0.0115945	0.0460778	
0.964	0.0470508	-0.0319233	-0.0118648	0.0462955	
0.965	0.0470388	-0.0318769	-0.0121349	0.0465124	
0.966	0.0470265	-0.0318302	-0.0124048	0.0467286	
0.967	0.0470139	-0.0317834	-0.0126743	0.0469441	
0.968	0.0470011	-0.0317363	-0.0129435	0.0471587	
0.969	0.0469881	-0.0316891	-0.0132123	0.0473727	
0.97	0.0469747	-0.0316416	-0.0134807	0.0475858	
0.971	0.0469611	-0.0315939	-0.0137488	0.0477982	
0.972	0.0469472	-0.031546	-0.0140164	0.0480099	
0.973	0.0469331	-0.0314979	-0.0142836	0.0482208	
0.974	0.0469186	-0.0314496	-0.0145503	0.0484309	
0.975	0.046904	-0.031401	-0.0148167	0.0486402	
0.976	0.046889	-0.0313523	-0.0150827	0.0488487	
0.977	0.0468738	-0.0313033	-0.0153483	0.0490565	
0.978	0.0468583	-0.0312542	-0.0156136	0.0492634	
0.979	0.0468426	-0.0312048	-0.0158786	0.0494696	
0.98	0.0468266	-0.0311552	-0.0161433	0.049675	
0.981	0.0468103	-0.0311055	-0.0164078	0.0498796	
0.982	0.0467937	-0.0310555	-0.0166722	0.0500834	
0.983	0.0467769	-0.0310053	-0.0169363	0.0502864	
0.984	0.0467599	-0.0309549	-0.0172004	0.0504886	
0.985	0.0467425	-0.0309043	-0.0174643	0.05069	
0.986	0.0467249	-0.0308535	-0.0177282	0.0508906	
0.987	0.0467071	-0.0308025	-0.0179921	0.0510903	
0.988	0.046689	-0.0307513	-0.0182559	0.0512893	
0.989	0.0466706	-0.0307	-0.0185198	0.0514874	
0.99	0.0466519	-0.0306484	-0.0187836	0.0516847	
0.991	0.046633	-0.0305966	-0.0190475	0.0518812	
0.992	0.0466138	-0.0305446	-0.0193113	0.0520769	
0.993	0.0465944	-0.0304924	-0.0195751	0.0522717	
0.994	0.0465747	-0.0304401	-0.0198388	0.0524657	
0.995	0.0465547	-0.0303875	-0.0201025	0.0526589	
0.996	0.0465345	-0.0303347	-0.020366	0.0528512	
0.997	0.046514	-0.0302818	-0.0206294	0.0530427	
0.998	0.0464932	-0.0302287	-0.0208926	0.0532334	
0.999	0.0464722	-0.0301753	-0.0211555	0.0534231	
