  6.2831853071795862 
  0.3660747841904829 
  0.0746340034984850 
  0.5959310039913921 
  0.2026488804179968 
  0.7967129473759710 
 -0.1279183835614984 
 -0.3263551585170693 
  0.1319682992575927 
  0.2426088840512134 
  2.1135705939790452 
 -0.0610784159326106 
 -0.0856055414364909 
  0.1950169957532268 
 -0.8578112094100964 
 -0.1166693196414499 
  0.2176746834673832 
 -0.0658729963176360 
  0.1774516352962272 
  1.4403778812225527 
  0.2939830809819157 
  0.0974806990254079 
  0.0921167937425801 
  0.1756994411329174 
  0.1257408344246639 
  0.0781651584660067 
  0.1441009589958556 
  0.1578917185182977 
