  6.2831853071795862 
  0.0071072970312418 
 -0.0214347970390024 
  0.0410520211338069 
  0.1544284570889001 
  0.9865099019219574 
 -0.0319869873707329 
 -0.0369801052740284 
 -0.0049624894800352 
 -0.0218803609910244 
  2.1877098627075093 
  0.1630534363553523 
 -0.0003831741806967 
  0.0192339920286529 
  0.6739485083248146 
  0.5547019664262050 
 -0.0225954809270699 
  0.0051852247596894 
  0.1296463406529171 
  0.7707986182304646 
  0.2226739404118121 
  0.1890040603197005 
  0.1263799091936108 
  0.0272045279368250 
  0.3123273835847614 
  0.3027981943120537 
  0.1788787159289369 
  0.0812306449821307 
