  6.2831853071795862 
  1.4683664427630501 
 -0.4234368540805005 
 -0.3612008930964956 
  0.8162571515737331 
 -0.1158713563136830 
  0.1929773696086983 
 -0.3020845060733408 
 -0.0533213857239486 
 -0.2335564142593486 
  2.0863760710272974 
 -0.0148740236120925 
  0.1099629408719466 
  0.3963577165662085 
  0.8315336269353681 
 -0.1291617132264219 
  0.0277256244288279 
  0.1503083910009952 
  0.0995792095469425 
  1.2603084819017019 
  0.1541153649621227 
  0.3848506129990871 
  0.0598680567623468 
  0.1784124225840212 
  0.3067407509094075 
  0.0595004627471379 
  0.2632255807602067 
  0.0074168265352679 
