  6.2831853071795862 
  0.6140223328028558 
 -0.0509522289984853 
 -0.2048896528759568 
  0.7429842662893732 
  0.3087845227958259 
  0.0283110309360662 
 -0.3451363782964037 
  0.1148032793916877 
 -0.2080213830077226 
  2.0022516730063593 
  0.0831529435211773 
  0.1919350126374708 
  0.7179372506884745 
  0.6431246335313934 
 -0.1700861280661154 
 -0.0506796617631188 
  0.0635916604688779 
 -0.0088450625310186 
  0.3092893609542173 
  0.0486136571457285 
  0.0378481535231539 
  0.0239221988311092 
  0.2066682572370822 
  0.1785524821074175 
  0.0535980581597465 
  0.0686032831875802 
  0.0480987609779025 
