  6.2831853071795862 
  1.2091896861665443 
 -0.0515152209444140 
 -0.2065483207732029 
  0.7449552667449235 
  0.3054570667007851 
  0.0268286999815048 
 -0.3454461094659326 
  0.1116863444723007 
 -0.2088700592240994 
  2.0023996487698432 
  0.0906450471540864 
  0.2040899633094384 
  0.7205088420352931 
  0.6361290215850934 
 -0.1802992881416638 
 -0.0523395201519682 
  0.0676909153734219 
 -0.0099449731780771 
  0.6534257175040645 
  0.0613084896039397 
  0.2349598576982658 
  0.1369092106798594 
  0.2675965953423154 
  0.0966551014694730 
  0.0225221347460547 
  0.0968681007767216 
  0.3724859728579084 
