  6.2831853071795862 
  0.3174051280970621 
 -0.3137828025168522 
  0.2055656822571998 
  0.7959942134969246 
  0.2904933638364625 
  0.1001137553920791 
  0.3574094408175584 
 -0.0478710787075335 
  0.0742765751998126 
 -2.1034504846497746 
 -0.0789940417102010 
 -0.0468647367647289 
  0.6655995754752008 
  0.5990722526024062 
  0.2075852823061198 
  0.0839879932280593 
 -0.1560435820884789 
  0.0414079740701091 
  1.3993113874646517 
  0.0864311131280218 
  0.1311681031900057 
  0.0210285201320542 
  0.1754297900712724 
  0.2093919893551527 
  0.0437878484366538 
  0.3267642691749773 
  0.0342163349216675 
