  6.2831853071795862 
 -0.0914151042690196 
  0.0844528100859796 
  0.0512470220462192 
  0.6882286510766107 
  0.3862737883480898 
 -0.0452893465179817 
 -0.3288657981490477 
  0.2454308463303391 
 -0.1199265167938983 
  1.9877222257185416 
  0.1183412672602194 
  0.2601916174795960 
  0.7366150969953209 
  0.5860292352862786 
 -0.2218684805009716 
 -0.0397678099911147 
  0.0944093996774563 
 -0.0277565571572378 
  0.9927221299558292 
  0.0197709436137773 
  0.0872415441789526 
  0.3016464154577186 
  0.3711584078752245 
  0.2665861692809774 
  0.1149204843688818 
  0.0022576571159978 
  0.0334663470721638 
