  6.2831853071795862 
  1.4631924442549098 
 -0.0258374656827973 
 -0.1315522490120221 
  0.7157771908672438 
  0.3283726880562671 
  0.0086521351214142 
 -0.3421296854252912 
  0.1743950449444117 
 -0.2020070591726628 
  1.9683002856145118 
  0.1006161076780678 
  0.2756596231166440 
  0.7309732076640014 
  0.5830614426124286 
 -0.2397622229862249 
 -0.0182757592697084 
  0.0840279996312228 
 -0.0392757401562084 
  1.4881788845827133 
  0.0786950103345586 
  0.1805928852640413 
  0.0811520617472542 
  0.2413512612460014 
  0.0476737832585713 
  0.0157145958467908 
  0.2353471991386583 
  0.0126322840002828 
