  6.2831853071795862 
  1.5379975232735581 
 -0.0000000000000009 
 -0.0211742129854333 
  0.0000000000000014 
  1.0013479086497818 
 -0.0000000000000010 
  0.0219156172730798 
 -0.0000000000000001 
 -0.0073443781270791 
  2.1894107980505644 
  0.1640061199221774 
  0.0013864977112626 
  0.0125878278764414 
  0.6643660539197845 
  0.5644354136735055 
 -0.0132117988966743 
  0.0009621020997822 
  0.1270672855921067 
  0.5428322665812944 
  0.1904818596063428 
  0.3916387098061959 
  0.2181811366380477 
  0.0713304181495123 
  0.0022169722277538 
  0.3181544851412125 
  0.3729576277684938 
  0.0525116711384430 
