  6.2831853071795862 
  1.0212499014998695 
 -0.1206840563902015 
  0.1366451488661412 
  0.7474763783360807 
  0.3569533172611270 
  0.0212260387027888 
  0.3842531162309782 
  0.0634864052895259 
 -0.0888283311536573 
  2.0419202263817100 
 -0.0145080202642926 
  0.2990418623326354 
  0.2954317101341590 
  0.8015865106433359 
 -0.2781237302881903 
 -0.0163289951110229 
  0.1869518560739154 
  0.0679659758843320 
  0.1072630897883035 
  0.0390212890788477 
  0.2314986829353913 
  0.3118852798113665 
  0.1383742107608102 
  0.0235344265339398 
  0.1246217958978623 
  0.3185812359467373 
  0.3238794842026447 
