  6.2831853071795862 
  1.0010185364887159 
 -0.0507934609572659 
 -0.2052545722708079 
  0.7424755072813486 
  0.3066191663509076 
  0.0262454975112829 
 -0.3476370137541213 
  0.1135513737998865 
 -0.2092016011386426 
  2.0002573439251234 
  0.0876340366425985 
  0.2020871168789884 
  0.7105904086385378 
  0.6455974786266012 
 -0.1858524868033983 
 -0.0588018396145484 
  0.0541417604426558 
 -0.0073096582428868 
  1.5365927770135708 
  0.1354806582129469 
  0.3400099730851357 
  0.2115391627562593 
  0.0413376993659626 
  0.1055755033439303 
  0.0960225787284207 
  0.0038611228285898 
  0.3597740234151768 
