  6.2831853071795862 
  0.6664066254962943 
  0.5176715507692069 
 -0.2980773349462557 
  0.7116205668648026 
  0.4131237518017153 
  0.0017159684872265 
 -0.3495091958423786 
 -0.2368669728586150 
  0.1345915807804820 
  2.0132700380236570 
 -0.0176382300303767 
 -0.3361997180891566 
 -0.2852876309506994 
  0.7779147280476871 
 -0.3167176342313336 
  0.0227702040447151 
 -0.2106381046267785 
  0.0893321341055230 
  1.2051804996204205 
  0.0576927988425468 
  0.2258577135553985 
  0.3342002351550328 
  0.0038415427435744 
  0.0682810491259811 
  0.2729866186801025 
  0.0237215380247945 
  0.1221715086153653 
