  6.2831853071795862 
  0.8617142953082549 
 -0.0112454367490911 
 -0.0179412220284655 
  0.9012157734280798 
  0.4364719508533391 
  0.0217858731137704 
 -0.0023811789371701 
 -0.0057623569603067 
  0.0045535845589509 
  2.1821234578873994 
 -0.0185098393986528 
 -0.0008033081773867 
 -0.0026820850625917 
 -0.0679535894736707 
  0.9896502475643675 
 -0.0293861236486065 
 -0.0025178159092795 
 -0.0702190279755807 
  0.3701211980310805 
  0.0471265437886752 
  0.3923916808185288 
  0.1862265098696263 
  0.0367713028643287 
  0.0056108831319564 
  0.1123648109899667 
  0.3043916669306572 
  0.3066131297288268 
