  6.2831853071795862 
  1.2847542185148839 
 -0.0251667389537195 
 -0.0388761393879203 
  0.0312978511680411 
  0.9980332556890035 
 -0.0205240968683901 
  0.0443785645877658 
 -0.0033579144184356 
 -0.0221833475764012 
  2.1895168942462413 
  0.1640654664614275 
  0.0014946087926441 
  0.0121695961378536 
  0.6637684807487154 
  0.5650418993492623 
 -0.0126232124970867 
  0.0007016905203225 
  0.1269069034521969 
  0.2434539580845419 
  0.0613462216973440 
  0.0297289799671279 
  0.0463474281967625 
  0.1198083074620977 
  0.2084206511873407 
  0.1909986423911331 
  0.2376022905427250 
  0.3492707407924405 
