  6.2831853071795862 
  1.5281888177186715 
  0.5312109118507530 
  0.2578896484573657 
  0.6501746036619984 
 -0.5100578790589556 
  0.0735196773813834 
  0.3420794003359803 
 -0.2590671569423226 
 -0.0633931774085589 
  2.0309223502311493 
 -0.0028523213648321 
  0.0000571736435428 
  0.8960156234715795 
 -0.4311773931995311 
  0.0039201479541873 
 -0.0015484598550700 
 -0.0453561345290371 
 -0.0362011918477409 
  0.3904145082619693 
  0.1343858005529885 
  0.1144286865126635 
  0.0086666609120000 
  0.2789539225595590 
  0.0640378547197872 
  0.3218020914893002 
  0.0797654216052315 
  0.0551104953262500 
