  6.2831853071795862 
  0.7030659653957024 
  0.0195719781586453 
 -0.1944496570153308 
 -0.0273486626912905 
  0.9681348882521835 
  0.0112077301594617 
  0.1776850249570701 
  0.0048698003200317 
  0.0433948674794605 
  2.1915236321542197 
 -0.0756685513815287 
  0.1467200044466990 
  0.4791628367199994 
 -0.4453869243047127 
  0.5438996959765563 
 -0.1814463380006544 
 -0.1211060937282566 
 -0.0229423016713159 
  0.3259691333502290 
  0.0189874512876186 
  0.0622919371942275 
  0.3105053675329352 
  0.0203860427801592 
  0.3626272658917015 
  0.0579860740894733 
  0.1501265195078786 
  0.0618346373774073 
