  6.2831853071795862 
  0.2685528452274635 
 -0.0247994465280838 
  0.0011579159754941 
  0.0932083148789063 
  0.9959597283841917 
 -0.0225572480284336 
  0.0031781648424604 
 -0.0044619908890857 
 -0.0236300867802004 
  2.1877413578845246 
  0.1630722928824109 
 -0.0003146469952177 
  0.0191687694328153 
  0.6737689608530559 
  0.5548922670906353 
 -0.0224732975807448 
  0.0050597188680148 
  0.1295909235469966 
  0.3855463584946922 
  0.2945711272933625 
  0.3136831643715263 
  0.0338796383733056 
  0.1385924035065596 
  0.2411449569469633 
  0.0453522648021920 
  0.0683322421259611 
  0.1125469004029606 
