  6.2831853071795862 
  0.5578384437841111 
 -0.1141948835910337 
  0.1386046701471857 
  0.7451458250006117 
  0.3585950085493426 
  0.0170805011984057 
  0.3841901987921347 
  0.0665660119766426 
 -0.0933787013051542 
  2.0415263892061590 
 -0.0140687216274290 
  0.2995259688902306 
  0.2962229246374505 
  0.8015964404084592 
 -0.2776687566814713 
 -0.0169239791069991 
  0.1868744929996252 
  0.0676425010300574 
  0.2996231010179770 
  0.0208550688113286 
  0.2868041758683998 
  0.1714182570359324 
  0.2833067458051479 
  0.2268663507481865 
  0.0897187606157407 
  0.0220891109470650 
  0.1648230371554500 
