  6.2831853071795862 
  0.0715163898060380 
  0.0039773143325133 
  0.0638514356568813 
  0.1237980178248855 
  0.9898652545585662 
 -0.0121934615469933 
 -0.0645748863385796 
 -0.0008822043090135 
 -0.0034718017242491 
  2.1877098627075093 
  0.1630534363553514 
 -0.0003831741806997 
  0.0192339920286499 
  0.6739485083248157 
  0.5547019664262030 
 -0.0225954809270681 
  0.0051852247596944 
  0.1296463406529189 
  1.5042998557941143 
  0.0975989944989950 
  0.2201427770411581 
  0.1530760473837902 
  0.0099820548944673 
  0.1875514348580148 
  0.2117292690164462 
  0.0201444265138793 
  0.2508492156277426 
