  6.2831853071795862 
  0.8096764656412413 
  0.0019729976555346 
  0.0210820913527043 
  0.1857978552518278 
  0.9839597507729230 
 -0.0060553230268558 
 -0.0210624629020578 
 -0.0026781386936362 
 -0.0068386740828292 
  2.1876982812829828 
  0.1630560503050882 
 -0.0003487700374665 
  0.0191945235139672 
  0.6739894218840776 
  0.5546724488540105 
 -0.0225368242848290 
  0.0051206479850234 
  0.1296319539157906 
  0.1937377086808916 
  0.0231940216897710 
  0.2694296596300017 
  0.2733414354055880 
  0.3510848126038324 
  0.0327900513993578 
  0.2348363707331519 
  0.1562834237701345 
  0.0058325432449057 
