  6.2831853071795862 
  0.4757416853200214 
 -0.0187477317016023 
  0.0467006484688103 
  0.0932382398937514 
  0.9949919241993370 
 -0.0277286021896510 
 -0.0409592367660965 
  0.0036536033454447 
  0.0088693673590272 
  2.1877098627075084 
  0.1630534363553509 
 -0.0003831741806986 
  0.0192339920286553 
  0.6739485083248199 
  0.5547019664261991 
 -0.0225954809270745 
  0.0051852247596938 
  0.1296463406529199 
  0.9675140120695772 
  0.1157058886485800 
  0.0535397083779472 
  0.0528605818560017 
  0.2253186188654971 
  0.3677185137539645 
  0.0004233975796630 
  0.2856964162281307 
  0.0535936759289687 
