  6.2831853071795862 
  1.2139949293447752 
  0.5099980873656658 
 -0.2928466676319358 
  0.7137391429329929 
  0.4179526792701117 
  0.0070871695828961 
 -0.3471049207437207 
 -0.2346873967864078 
  0.1278298155331490 
  2.0088633131526366 
 -0.0182818526997218 
 -0.3286234412509398 
 -0.3432850261235526 
  0.7667971356372880 
 -0.3114083074593434 
 -0.0019688298604115 
 -0.2074142090607263 
  0.0422332385190071 
  1.5164757232675095 
  0.0640093289026280 
  0.1869860032716440 
  0.0324785507623152 
  0.3660859247320949 
  0.0638069805582424 
  0.0311231912576468 
  0.2417929250166696 
  0.0053356464629769 
