  6.2831853071795862 
  1.5071104592582174 
 -0.0430714174067262 
 -0.1984631166630956 
  0.7427714757138296 
  0.3071680870889792 
  0.0204730532631083 
 -0.3502690562494942 
  0.1129023418949825 
 -0.2056179803619218 
  2.0059403091349868 
  0.0785188749659479 
  0.1827922626641766 
  0.7101898017054725 
  0.6587054835199339 
 -0.1612228801108973 
 -0.0535463111508710 
  0.0593314702995818 
 -0.0057717046418419 
  0.0563729969937807 
  0.1766014168972153 
  0.3315687746072882 
  0.0894444337595169 
  0.2518936362174824 
  0.1320913383268530 
  0.1489786489796333 
  0.2336340561055437 
  0.0160657287092399 
