  6.2831853071795862 
  1.0745594124100097 
  0.0195719781586454 
 -0.1944496570153306 
 -0.0273486626912908 
  0.9681348882521836 
  0.0112077301594618 
  0.1776850249570697 
  0.0048698003200317 
  0.0433948674794608 
  2.1915154554104510 
 -0.0756416291659434 
  0.1467275102857458 
  0.4791803989196717 
 -0.4454315855484551 
  0.5438484822806038 
 -0.1814783282968132 
 -0.1211282609083933 
 -0.0229028909125762 
  0.7251554277138550 
  0.0267199866344654 
  0.0471232154425799 
  0.1487324094124093 
  0.0686863101848050 
  0.1232749827787444 
  0.1080269693554936 
  0.0339467141805334 
  0.1503164071855441 
