  6.2831853071795862 
  0.1102208763184810 
 -0.0802742664408184 
  0.1849201263357249 
  0.7659138381273526 
  0.3005295528271664 
  0.0370930318762753 
  0.3835112272544047 
  0.0256939290763343 
 -0.1226917275680556 
  2.0454227594938943 
 -0.0087313702136461 
  0.2827033137679488 
  0.3155280432218349 
  0.8076094496732835 
 -0.2605714162381818 
 -0.0126804112732995 
  0.1809937791986390 
  0.0771511329769468 
  1.0682029830836353 
  0.0838834310291022 
  0.1749353439722016 
  0.1902812175247496 
  0.3541503642749922 
  0.0850712211020345 
  0.0785876457223196 
  0.2271578279517167 
  0.1004639124986708 
