  6.2831853071795862 
  1.2785827984878382 
  0.4912845053805125 
  0.3244003593279616 
 -0.7557968289397022 
  0.3305743667023895 
 -0.0461687860832695 
  0.3400469892539358 
  0.2035479898276280 
  0.1780601560231016 
  2.0166899032267067 
 -0.0552522765733615 
 -0.1573778143085077 
  0.6327309588135653 
 -0.6696206724199913 
 -0.2360329825162188 
  0.0297407471951291 
 -0.1014933903695862 
  0.0409396297467099 
  0.6318372893018385 
  0.0190785386856266 
  0.1982530231489333 
  0.3329914046891159 
  0.3257103847762700 
  0.1483140233093618 
  0.0171629196820969 
  0.1780384093576942 
  0.1337589773117837 
