  6.2831853071795862 
  0.2128406010620384 
 -0.0247994465280848 
  0.0011579159754941 
  0.0932083148789074 
  0.9959597283841917 
 -0.0225572480284346 
  0.0031781648424607 
 -0.0044619908890856 
 -0.0236300867801998 
  2.1877823888039516 
  0.1630920711549156 
 -0.0004649372843492 
  0.0192842370807058 
  0.6735844506033771 
  0.5550528329420743 
 -0.0227127012700517 
  0.0052586967861979 
  0.1295204698710684 
  0.6421307742112662 
  0.3240831123568902 
  0.2430557805647221 
  0.0616939747869146 
  0.2824009767154080 
  0.3152169553865884 
  0.0217463181602306 
  0.0773464537865466 
  0.1056486367642811 
