  6.2831853071795862 
  0.8070782256659425 
 -0.1994881759675916 
  0.2849710344659054 
  0.6374065576611986 
 -0.4345092668558785 
  0.1275782436875796 
 -0.3353962055689720 
  0.2893838253361403 
  0.0025202802319806 
  1.9645606364111543 
  0.1569793058701579 
  0.3108750114633363 
  0.7071426009306777 
  0.5140553704080257 
 -0.3381184760768302 
 -0.0524618489673450 
  0.0696365775728891 
 -0.0254337133438617 
  1.3913795749201727 
  0.2032774542660893 
  0.2286784174363787 
  0.3114518734311941 
  0.0245257707048962 
  0.1169195554822843 
  0.1945830846958497 
  0.1570146083457223 
  0.0724075315760136 
