  6.2831853071795862 
  0.6241301767386133 
 -0.0804370877627476 
  0.1847007260412868 
  0.7655773128961194 
  0.3006772100548892 
  0.0371821499828229 
  0.3838505212306305 
  0.0259022599291175 
 -0.1226736957024135 
  2.0449501064388635 
 -0.0081963991796454 
  0.2834497427572658 
  0.3164007555962762 
  0.8074735950501041 
 -0.2602332078873982 
 -0.0133265967843642 
  0.1810526210281511 
  0.0767823502566392 
  1.1648884290852977 
  0.1073823619991882 
  0.0396654450701587 
  0.0060655031138148 
  0.1837937848041352 
  0.0245773677519162 
  0.1556010786025298 
  0.1418052008267178 
  0.3685747098176532 
