  6.2831853071795862 
  0.7077667287934609 
  0.0006585151075197 
  0.0211639706436584 
  0.0622534364235289 
  0.9994108983850203 
 -0.0020420811639662 
 -0.0218202700482798 
 -0.0009114281642907 
 -0.0072876051467443 
  2.1883491587898694 
  0.1633652732031647 
 -0.0025409332953621 
  0.0208792195497132 
  0.6710357660242643 
  0.5572707677733579 
 -0.0260196421702290 
  0.0080072267598750 
  0.1285472762533933 
  1.0059475347177538 
  0.2072105054675477 
  0.2519742711023858 
  0.0708910732034425 
  0.1108057250672926 
  0.1097478988808768 
  0.1812860870496283 
  0.3777675580671446 
  0.1155257994799007 
