  6.2831853071795862 
  0.5101404449661876 
  0.0895871989348934 
  0.0941430595385822 
 -0.1547210893937184 
 -0.9627200911789292 
  0.0350698259971320 
 -0.1407188105364316 
  0.0323902268133025 
  0.0405860921082521 
  2.1931102287381781 
 -0.0823203715213666 
 -0.1437255871907027 
 -0.4999619351935470 
 -0.4076499590199622 
  0.5680263658492741 
  0.1286895459294530 
  0.1152443978992524 
 -0.0406429065479225 
  0.4365551575693647 
  0.2568417720056477 
  0.0254923341834865 
  0.0260590784776556 
  0.2633897806913881 
  0.0818034467955397 
  0.3108121983518352 
  0.1997589012836570 
  0.1438449000389928 
