  6.2831853071795862 
  0.4313475397734521 
 -0.0496878924606856 
 -0.2036074908221041 
  0.7427323062003639 
  0.3071067208709611 
  0.0255863238833858 
 -0.3469798009185494 
  0.1141947979508984 
 -0.2086025149488114 
  2.0041965291161055 
  0.0862020005115515 
  0.1980694413240052 
  0.7169317015305544 
  0.6435192685922001 
 -0.1743782160488454 
 -0.0518516204419779 
  0.0658277127211785 
 -0.0090482441274672 
  0.8824263000226458 
  0.2504465940341186 
  0.2931480595710730 
  0.2305633987110301 
  0.1821939715713221 
  0.0560617346988433 
  0.0838481892423188 
  0.2130513986112728 
  0.0432784119967418 
