  6.2831853071795862 
  1.1380755778484415 
  0.0543732683090469 
  0.0776611372579252 
  0.9902763784964426 
 -0.0776340080770825 
 -0.0384030046439544 
  0.0828580331921031 
 -0.0062466421615352 
 -0.0148901180442119 
  2.1877413578845215 
  0.1630722928824099 
 -0.0003146469952197 
  0.0191687694328264 
  0.6737689608530713 
  0.5548922670906200 
 -0.0224732975807599 
  0.0050597188680202 
  0.1295909235470001 
  0.8270328228984778 
  0.1939618011289360 
  0.2315981177612050 
  0.2877866670424656 
  0.0123829095155769 
  0.0243181141620041 
  0.1403847986462209 
  0.3320173645371156 
  0.1120714141777221 
