  6.2831853071795862 
  0.8215342397091899 
 -0.0804467450471894 
  0.1846877129357253 
  0.7655573528574632 
  0.3006859679241354 
  0.0371874357702964 
  0.3838706454895352 
  0.0259146164821745 
 -0.1226726261934976 
  2.0449210454745947 
 -0.0081621194411860 
  0.2835065244165609 
  0.3164529690598831 
  0.8074530695519038 
 -0.2602279193075316 
 -0.0133588148117582 
  0.1810688546404488 
  0.0767647844051936 
  0.5157521040843912 
  0.2031179779706857 
  0.1074273999499968 
  0.0661458399432628 
  0.2639752077114816 
  0.0509326388044111 
  0.1038570888527764 
  0.1418909595114749 
  0.2314849858087299 
