  6.2831853071795862 
  0.2647343028471008 
 -0.0453631703347691 
 -0.2006866783781366 
  0.7434750525471567 
  0.3066545798109300 
  0.0221999853261569 
 -0.3488740527694241 
  0.1124871581789656 
 -0.2064711649950951 
  2.0054499501847647 
  0.0811922935254377 
  0.1873289738572869 
  0.7128741656032420 
  0.6532890101009478 
 -0.1654865282742728 
 -0.0531565022481368 
  0.0608935274380493 
 -0.0067049256775289 
  0.8872907580365046 
  0.0148976070878138 
  0.1702915076829366 
  0.0151810600712537 
  0.1730995115074575 
  0.2138805397169675 
  0.2057970604060211 
  0.3507011912363668 
  0.0155745764186492 
