  6.2831853071795862 
  1.4235404366353952 
  0.0000000000000003 
 -0.0211742129854327 
  0.0000000000000011 
  1.0013479086497818 
  0.0000000000000003 
  0.0219156172730791 
  0.0000000000000000 
 -0.0073443781270788 
  2.1893908623232545 
  0.1639949685664126 
  0.0013661833821398 
  0.0126664146140658 
  0.6644783393387836 
  0.5643214535736945 
 -0.0133223956799552 
  0.0010110340544420 
  0.1270974217773505 
  1.0329487212837423 
  0.0095975863729565 
  0.0989553307409031 
  0.3063049549195455 
  0.3140618309789930 
  0.3759811704073197 
  0.2086120684881820 
  0.0511827003169277 
  0.0843335884544240 
