  6.2831853071795862 
  0.9203223054835943 
 -0.0194052274097699 
  0.0464312950555727 
  0.9963216166904590 
  0.0777530366975722 
  0.0104858874854349 
  0.0483381900726098 
 -0.0033759999295221 
  0.0089787036498093 
  2.1801827214938490 
  0.0002299952270140 
 -0.0003936365046515 
  0.0025989247882181 
 -0.0014647738970936 
  1.0010496518344891 
  0.0155700188955769 
 -0.0038785718497211 
 -0.0023478474678464 
  0.8448328271888138 
  0.1335010257824467 
  0.3752231093617987 
  0.0239889271681406 
  0.1037980640290191 
  0.1178728400488684 
  0.3108223039685083 
  0.1599843759329894 
  0.0511236187627249 
