  6.2831853071795862 
  1.2882563877622586 
  0.0075982350471660 
 -0.2441991408331488 
 -0.0593771760243467 
  0.9532356805226826 
 -0.0190370581428174 
  0.2034168655638455 
 -0.0092314651281098 
  0.0738130281852419 
  2.1928713926737635 
 -0.0801061001525105 
  0.1454828281552926 
  0.4762680854566992 
 -0.4380254778931581 
  0.5523411733446705 
 -0.1761734250428363 
 -0.1174523103810957 
 -0.0294383184444482 
  0.5379096604275933 
  0.2709536400994060 
  0.0546998492811646 
  0.0744267584537894 
  0.2005860423397017 
  0.3125081078073158 
  0.1782536548141116 
  0.1692075565266750 
  0.0115305490484662 
