  6.2831853071795862 
  0.3375537307365268 
  0.5650609562714256 
  0.2607437467389797 
  0.6157687799975246 
 -0.5219884752228705 
  0.0927156665734559 
  0.3370775793512001 
 -0.2942114694851113 
 -0.0484010985195325 
  2.0206780109208520 
 -0.1072841276297597 
  0.0117260714624846 
 -0.2136191276866910 
 -0.9655474460158997 
 -0.0863720718151317 
  0.0292569612049090 
  0.0200193730013445 
  0.0430287093614182 
  1.3873578843616532 
  0.1430233526433355 
  0.1494495134960980 
  0.1631740596286495 
  0.0384855454836648 
  0.1388591809538910 
  0.1040487718377951 
  0.1905027778545629 
  0.3876616651209258 
