  6.2831853071795862 
  0.3256486001186020 
 -0.0093737002704275 
  0.0537753104047643 
  0.1058440809743851 
  0.9928771842653590 
 -0.0213203908947925 
 -0.0507006401950590 
  0.0017825926792914 
  0.0037786622968501 
  2.1877098627075084 
  0.1630534363553503 
 -0.0003831741807037 
  0.0192339920286495 
  0.6739485083248222 
  0.5547019664261955 
 -0.0225954809270700 
  0.0051852247597009 
  0.1296463406529217 
  0.5282009064624296 
  0.1559114676494020 
  0.0064623200786001 
  0.2311959000849989 
  0.2010541730798665 
  0.0585230644693927 
  0.3732213046162058 
  0.1462450780635575 
  0.1525124935191146 
