  6.2831853071795862 
  0.9611062469138121 
  0.0195719781586455 
 -0.1944496570153308 
 -0.0273486626912907 
  0.9681348882521833 
  0.0112077301594618 
  0.1776850249570708 
  0.0048698003200318 
  0.0433948674794596 
  2.1915113565861875 
 -0.0756281336433259 
  0.1467312728000262 
  0.4791892024693652 
 -0.4454539732610631 
  0.5438228099658559 
 -0.1814943643382837 
 -0.1211393728348984 
 -0.0228831351542021 
  0.6916068756126563 
  0.1601771395009560 
  0.2442215756248884 
  0.2628556220151749 
  0.2484537164154562 
  0.1297532180867901 
  0.0251547306087602 
  0.1091450377633907 
  0.1437825393837429 
