  6.2831853071795862 
  1.6791066937240309 
 -0.0550195424878521 
 -0.2092784604593700 
  0.7434820472828908 
  0.3058011007348508 
  0.0294249616881746 
 -0.3452901978289963 
  0.1130091561206589 
 -0.2108522259253447 
  1.9979667320061110 
  0.0961252806460946 
  0.2132452528857574 
  0.7198692749004851 
  0.6298840430328271 
 -0.1942885043337063 
 -0.0573869905502150 
  0.0618618102002699 
 -0.0097875322272762 
  0.2978221166290174 
  0.2128957450355930 
  0.0968862693989583 
  0.0671701843809777 
  0.0020922347914140 
  0.0611766296069911 
  0.2425575178295511 
  0.1446224573863449 
  0.3301000113339173 
