  6.2831853071795862 
  0.4232729683141228 
 -0.0346462971118410 
 -0.1830928771436256 
  0.7292657547448065 
  0.3230290810837644 
  0.0229441589332482 
 -0.3551383539615718 
  0.1301700510799690 
 -0.1991051792446615 
  2.0004035657637274 
  0.0963367657281307 
  0.1945192737311051 
  0.7569780171407731 
  0.5917763539988408 
 -0.1886950863512579 
 -0.0424465875996403 
  0.0508906310592891 
 -0.0108602891795957 
  1.3420064937498613 
  0.2137539138548804 
  0.0680593768934615 
  0.0376510784001960 
  0.0139819607108923 
  0.1485830930340207 
  0.3494434955657640 
  0.0158414027680603 
  0.2285767040946125 
