  6.2831853071795862 
  1.2877099434090351 
  0.5176872827904380 
 -0.2980636738643570 
  0.7115921847322504 
  0.4131706392942899 
  0.0017514319194903 
 -0.3495113158461483 
 -0.2368934820597248 
  0.1345648878064848 
  2.0132535488762020 
 -0.0175719874877964 
 -0.3362917799646153 
 -0.2852916075084040 
  0.7778603799543712 
 -0.3167431095968367 
  0.0227856900724580 
 -0.2107029899315887 
  0.0893628367514447 
  0.5254667795249837 
  0.1606832131236653 
  0.0009829149821014 
  0.1080280245523411 
  0.3607075251546671 
  0.0833350855194632 
  0.0529972139084721 
  0.3245328528626411 
  0.3570071279090716 
