  6.2831853071795862 
  1.0927724720949132 
  0.0325208056908567 
  0.0736459830408812 
  0.5480082306965637 
 -0.5855276800062548 
  0.1646423835742004 
  0.2863968357544995 
  0.2548285800383793 
 -0.0002542250293717 
  2.0761603844990089 
 -0.0421215180926512 
  0.2598665511950699 
  0.3020639708072714 
  0.7571917133808469 
 -0.3281735059759727 
  0.0797311408937189 
  0.1984112755546957 
  0.0391747684514987 
  0.2434537556949091 
  0.0525652768478261 
  0.0490116578600408 
  0.3557676201677609 
  0.0264872011853474 
  0.1140411509752225 
  0.1536174927895428 
  0.2449757392862140 
  0.1714589414164679 
