  6.2831853071795862 
  1.0535658982491565 
  0.0179518338764054 
 -0.0470123353157063 
  0.9992282073999559 
  0.0156616773257189 
 -0.0149443841802214 
 -0.0471508201129823 
 -0.0022356570961398 
  0.0093282545046598 
  2.1804171288028917 
  0.0011308165942743 
  0.0006867425951610 
  0.0076981862749188 
  0.0040444309195632 
  1.0006737765801950 
 -0.0011789047709642 
 -0.0095027794493882 
  0.0037355545759859 
  0.9002068800739609 
  0.1391529600953732 
  0.0572294588399828 
  0.1030429689050404 
  0.2091680100780920 
  0.1912902373650924 
  0.0183277211429731 
  0.2912341141682260 
  0.0098477481943553 
