  6.2831853071795862 
  0.9919134486108072 
 -0.0776010284765807 
  0.1241600695745969 
  0.7179497368978344 
  0.3617447819056148 
  0.0065023459264878 
  0.3976467423070255 
  0.1068811372734476 
 -0.1225196368980922 
  2.0025423631414379 
 -0.0002757951251866 
  0.3158996578872800 
  0.3624381943290118 
  0.8057288602089886 
 -0.2547992947715237 
 -0.0469482511026335 
  0.1797746111731534 
  0.0690254519682246 
  0.4273832092585652 
  0.3835891603769185 
  0.0499901150207042 
  0.0302762942562293 
  0.3385443976625909 
  0.1281589418415932 
  0.1444104412855001 
  0.3004905368579892 
  0.0820130314830703 
