  6.2831853071795862 
  0.9035955000401278 
  0.0007720996127774 
  0.0248144550553413 
 -0.0621890179874125 
 -0.9983767307822432 
 -0.0021226273340676 
 -0.0226809308358982 
 -0.0029842856735205 
 -0.0238617770283965 
  2.1883491587898418 
  0.1633652732031516 
 -0.0025409332952705 
  0.0208792195496520 
  0.6710357660243877 
  0.5572707677732488 
 -0.0260196421700954 
  0.0080072267597570 
  0.1285472762534394 
  1.0329178686272036 
  0.3758039655148473 
  0.1064929875108255 
  0.0478065458700797 
  0.2119649938697684 
  0.3849880578708847 
  0.0733951564492695 
  0.0215860373085868 
  0.0533222812628586 
