  6.2831853071795862 
  1.0037144610992783 
  0.0195719781586446 
 -0.1944496570153320 
 -0.0273486626912898 
  0.9681348882521832 
  0.0112077301594612 
  0.1776850249570711 
  0.0048698003200315 
  0.0433948674794607 
  2.1915062396119338 
 -0.0756112858261687 
  0.1467359699247278 
  0.4792001928252002 
 -0.4454819220926296 
  0.5437907606353356 
 -0.1815143837404276 
 -0.1211532449694808 
 -0.0228584720556110 
  0.1285697118225878 
  0.0294399550228456 
  0.2928952603907603 
  0.2255425765961927 
  0.0671127592853174 
  0.0472009445266399 
  0.1002574428986339 
  0.1251202224832788 
  0.2232513101926116 
