  6.2831853071795862 
  0.3866448504292722 
  0.0746340034984853 
  0.5959310039913920 
  0.2026488804179969 
  0.7967129473759710 
 -0.1279183835614982 
 -0.3263551585170693 
  0.1319682992575927 
  0.2426088840512134 
  2.1135926756648242 
 -0.0610463351138124 
 -0.0856385202217675 
  0.1950585589315880 
 -0.8577583705678011 
 -0.1167070747091738 
  0.2177668575119270 
 -0.0658826305879823 
  0.1774390277966123 
  1.0034855317007669 
  0.0644362176451171 
  0.1080567116657558 
  0.1197944950053438 
  0.0240676168044869 
  0.0018185066609798 
  0.2177465812076371 
  0.0871527440164232 
  0.3566028798900090 
