  6.2831853071795862 
  0.6805434731018071 
  0.0494399237571319 
  0.0808912757081431 
  0.9922556992577664 
  0.0458581760280897 
 -0.0531102679463166 
  0.0742936327609412 
 -0.0023871173367902 
 -0.0159699037093291 
  2.2062961478195016 
 -0.0707693347163508 
  0.1452572146000820 
  0.4667688140380927 
 -0.2682520345427181 
  0.6773249076582690 
 -0.0165431011906478 
 -0.0973394288717180 
 -0.0362234241074371 
  0.3640993733346706 
  0.2024125839822583 
  0.1551910412795744 
  0.2914660595814695 
  0.2076242887408623 
  0.0602871065190055 
  0.0940261919134890 
  0.0187487064237086 
  0.2773372485057532 
