  6.2831853071795862 
  1.4421331368787222 
 -0.0731651803783863 
 -0.0760292184777220 
  0.0320860947229674 
  0.9884789369687320 
 -0.0618743027245066 
  0.0884270701903555 
 -0.0130093116212912 
 -0.0209219728361019 
 -2.1883491587898707 
  0.0689215304046759 
  0.1481367323705830 
  0.5135454983334801 
  0.4324302975442230 
 -0.5384925756130493 
 -0.1457857208474340 
 -0.1269162522420935 
  0.0219267605763136 
  1.3148969437189686 
  0.1980909169205276 
  0.0314351174886917 
  0.1174923006397086 
  0.1638936700441249 
  0.0631965707056266 
  0.1747518711732032 
  0.1775127833888603 
  0.1292829854394874 
