  6.2831853071795862 
  0.7654948464454642 
  0.0462802107505106 
  0.0441697516138898 
  0.9964910314521480 
 -0.0465273643687222 
 -0.0431050229244531 
  0.0496039660593865 
  0.0003337807217944 
  0.0035665504461733 
  2.2109561201080092 
 -0.0651518503352754 
  0.1393365916760853 
  0.4151060474666149 
 -0.2366974446227494 
  0.7216388589563797 
 -0.0259979104907360 
 -0.0904148454270037 
 -0.0248319599083288 
  0.7945768814708167 
  0.1527291776501908 
  0.0698008521143323 
  0.0806806109312074 
  0.1438354759882358 
  0.0733399087087785 
  0.2146885541669274 
  0.0642764988495979 
  0.0039953279749871 
