  6.2831853071795862 
  0.4339989314252183 
 -0.0000000000000001 
 -0.0211742129854319 
  0.0000000000000009 
  1.0013479086497818 
 -0.0000000000000002 
  0.0219156172730783 
 -0.0000000000000000 
 -0.0073443781270793 
  2.1888287690953949 
  0.1636528553782975 
 -0.0008834623645643 
  0.0173020179474231 
  0.6680509590696310 
  0.5604625136170468 
 -0.0205174835319470 
  0.0050067094348478 
  0.1278735451475463 
  1.4474299516719145 
  0.2964858755405927 
  0.1712952497777130 
  0.1694986841612055 
  0.1666136261481592 
  0.0677423568046024 
  0.1954217818658850 
  0.1018912558994513 
  0.0355460087872431 
