  6.2831853071795862 
  0.8774505658427799 
 -0.0170134156506658 
 -0.0126051966843102 
  0.9579472062457823 
 -0.2916072430568081 
  0.0073530552746703 
 -0.0206452623763352 
  0.0040921817678482 
  0.0060986833376067 
  2.1804171288028922 
  0.0011308165942739 
  0.0006867425951606 
  0.0076981862749184 
  0.0040444309195619 
  1.0006737765801952 
 -0.0011789047709684 
 -0.0095027794493875 
  0.0037355545759854 
  1.3537652160701621 
  0.1060680393517136 
  0.2240500858526795 
  0.2879606559948301 
  0.0767272560520665 
  0.0319562512940263 
  0.2133200392018658 
  0.0208804272043092 
  0.0853051382644196 
