  6.2831853071795862 
  0.5913614901060446 
  0.5320872387645758 
  0.2783595015643346 
 -0.6753973302351841 
  0.4687617197818837 
  0.0435828782991980 
  0.3478129246498050 
  0.2586536256434821 
  0.0965702115043890 
  2.1817726387354188 
  0.0231374197349693 
 -0.0397257043557465 
 -0.1263602711191636 
  0.0722225987494669 
  0.9674230947803181 
  0.0128669348965699 
  0.1276013084457785 
  0.0776164785366078 
  1.0903903816463441 
  0.1502252170354936 
  0.3394444284521339 
  0.0061616463443309 
  0.3367513877948197 
  0.2464453172190495 
  0.0883065439534544 
  0.2841215535458418 
  0.1451611047511089 
