  6.2831853071795862 
  0.4210337860312592 
  0.1250420236965312 
 -0.1483722543092962 
 -0.3146380536773999 
  0.7437733352109410 
 -0.1977176027101198 
  0.3543495292762607 
  0.1222025080981486 
 -0.0361086817027668 
  2.0926899350089871 
 -0.0977734906134590 
  0.2340932236626423 
  0.0214318569111596 
  0.7836740209961405 
 -0.3724400024104985 
 -0.0698494155513673 
  0.1382618937760430 
  0.1542733321985127 
  0.3864253772275195 
  0.0738250910032959 
  0.1837920927849326 
  0.1059313099113959 
  0.3001813853438631 
  0.0220833620682812 
  0.3548318118492328 
  0.0686932570838412 
  0.0208778293702989 
