  6.2831853071795862 
  1.5617524742375737 
 -0.0055699142025927 
  0.0885726993529963 
  0.6872598191675459 
  0.3926683382514835 
 -0.0321368969024076 
  0.3318691204856300 
  0.2200997421823003 
 -0.1541410405691489 
  1.9633487328894002 
  0.0995177065160147 
  0.3084021918013890 
  0.6360008516308414 
  0.6614698445764240 
 -0.2612952809775720 
 -0.0890910788934723 
  0.0910646352709037 
 -0.0159386628319219 
  0.3471958093917740 
  0.1186899682518706 
  0.2598991222401089 
  0.0360424961286418 
  0.1289268461480312 
  0.2044488422732144 
  0.0654881476750065 
  0.2189604950824115 
  0.0278493096995187 
