  6.2831853071795862 
  0.4484201407607828 
 -0.0657465757053072 
  0.0683014811686252 
  0.9189956410339307 
  0.3769898629655403 
 -0.0029735943957838 
  0.0912765148683736 
 -0.0137534660033611 
  0.0084603975414428 
  2.1817388778957780 
 -0.0138484078674731 
 -0.0009514034955247 
 -0.0064830263089817 
 -0.0525086954515857 
  0.9931717368557259 
 -0.0233166958506647 
  0.0025049078828968 
 -0.0538688040765177 
  1.1404576811253158 
  0.2659980966555093 
  0.3833758039607171 
  0.0223269145816178 
  0.1218844122267004 
  0.1221838021585414 
  0.1963429356618111 
  0.0983200785814099 
  0.1021491773962873 
