  6.2831853071795862 
  0.9291024532149184 
  0.0413701229450919 
  0.1073969697941656 
  0.9851746282016239 
  0.0762727775682334 
 -0.0589720486274208 
  0.1004883834680012 
 -0.0091127402305447 
 -0.0035972136317144 
  2.2062961478195007 
 -0.0707693347163518 
  0.1452572146000819 
  0.4667688140380957 
 -0.2682520345427206 
  0.6773249076582661 
 -0.0165431011906469 
 -0.0973394288717176 
 -0.0362234241074390 
  0.6068386965362979 
  0.0413901131909126 
  0.3577552484528655 
  0.0899732682491743 
  0.1942590835925150 
  0.2398050245974500 
  0.2740310392686793 
  0.0591597999536241 
  0.0228290853902855 
