  6.2831853071795862 
  0.2785149317896162 
  0.4926676915787818 
  0.3417426595104731 
 -0.7703641538873525 
  0.2882875381648514 
 -0.0861054230137219 
  0.3398457381318009 
  0.1806264733101284 
  0.2075505979371791 
  2.0914451359884212 
 -0.0903755901243166 
  0.2062631676632334 
  0.0695361976764870 
  0.8306397469143064 
 -0.3173189576069272 
 -0.0407242457915448 
  0.1275046762823392 
  0.1179171070291783 
  0.6248886854744310 
  0.0957565688415748 
  0.1793813656930592 
  0.1265942652412338 
  0.1635357185251131 
  0.1828245322648174 
  0.0086768458705852 
  0.1327318197144075 
  0.0831356623445736 
