  6.2831853071795862 
  0.7867410604199181 
  0.0378015563039280 
 -0.1804876372250945 
 -0.0553062524638781 
  0.9705919521027105 
  0.0249968461913567 
  0.1609648674418389 
  0.0071732964601717 
  0.0524976304865725 
  2.1917662189157281 
 -0.0764672768003090 
  0.1464973220149206 
  0.4786418032543717 
 -0.4440619192915047 
  0.5454190984426353 
 -0.1804972533082280 
 -0.1204484401936799 
 -0.0241115358556147 
  1.4824087068640692 
  0.2838605482700232 
  0.2391240187310062 
  0.2441279503196919 
  0.1433707707296773 
  0.1274948184965430 
  0.1644211456731959 
  0.1343466327857422 
  0.0213474724116822 
