  6.2831853071795862 
  0.4844460720624597 
  0.0195719781586450 
 -0.1944496570153315 
 -0.0273486626912907 
  0.9681348882521832 
  0.0112077301594614 
  0.1776850249570708 
  0.0048698003200315 
  0.0433948674794606 
  2.1915090685474925 
 -0.0756206001956942 
  0.1467333731043345 
  0.4791941167718832 
 -0.4454664704918318 
  0.5438084792100724 
 -0.1815033159500043 
 -0.1211455757155703 
 -0.0228721071284393 
  0.1178230059452190 
  0.2880474249654406 
  0.3373717325438549 
  0.0302099237650901 
  0.1710565142809656 
  0.2601221869776192 
  0.0105218496005549 
  0.1901201908635701 
  0.2071890767240791 
