  6.2831853071795862 
  1.0053741993228218 
 -0.0528671151112187 
 -0.1915111571775877 
  0.7427905202697325 
  0.2946231411765200 
  0.0188591546145390 
 -0.3442521400197236 
  0.1209128492177496 
 -0.2129031673361023 
  2.0044052904886738 
  0.0781904659433890 
  0.1862997887361365 
  0.7187467579299296 
  0.6433544518045312 
 -0.1645853127803954 
 -0.0489217979423593 
  0.0643078586863195 
 -0.0114749951680411 
  0.8806958240385435 
  0.1098834515497439 
  0.2555027526490632 
  0.0920853924061404 
  0.1471860171034255 
  0.0402114824544484 
  0.2120101840495551 
  0.0779685003235154 
  0.1204500869892426 
