  6.2831853071795862 
  0.8281030992608851 
  0.0239537984404311 
 -0.2319867703392322 
 -0.0848510637994591 
  0.9553372417511270 
 -0.0068296038078715 
  0.1885298101235768 
 -0.0072622848588547 
  0.0822619697341348 
  2.1928713926737644 
 -0.0801061001525119 
  0.1454828281552925 
  0.4762680854566989 
 -0.4380254778931549 
  0.5523411733446738 
 -0.1761734250428329 
 -0.1174523103810936 
 -0.0294383184444505 
  1.3613170452533734 
  0.0313052905660806 
  0.2547318985761106 
  0.0357135252634175 
  0.0128672911324740 
  0.2395269627018231 
  0.1350121580991035 
  0.0409829647658494 
  0.0343699490551536 
