  6.2831853071795862 
  1.3908741858794289 
  0.0195719781586460 
 -0.1944496570153312 
 -0.0273486626912917 
  0.9681348882521833 
  0.0112077301594621 
  0.1776850249570703 
  0.0048698003200318 
  0.0433948674794610 
  2.1915057625055914 
 -0.0756097149368042 
  0.1467364078843269 
  0.4792012175652547 
 -0.4454845280398428 
  0.5437877723578697 
 -0.1815162503481669 
 -0.1211545384063973 
 -0.0228561724699196 
  1.2046690907401374 
  0.1371850741050739 
  0.1296422100097859 
  0.1646212181899987 
  0.3566312602006260 
  0.1555490765496263 
  0.2959723993401738 
  0.0979348050891691 
  0.1111414389203274 
