  6.2831853071795862 
  0.8585445510675282 
 -0.0614823476068622 
 -0.2150765226570513 
  0.7436713658152221 
  0.3051284780021259 
  0.0342444772325640 
 -0.3427621376962842 
  0.1131998781115499 
 -0.2137409729549795 
  1.9949348241657767 
  0.1073943758541860 
  0.2320948401474188 
  0.7298889737135652 
  0.6080326473835662 
 -0.2081374114420407 
 -0.0523686866908034 
  0.0743753965962587 
 -0.0150954787951446 
  0.4268514227521203 
  0.1411670964485688 
  0.1173377818413822 
  0.0255989932756185 
  0.0483494471479465 
  0.0372134162513677 
  0.3496165089061124 
  0.1755005351096479 
  0.3489026430271819 
