  6.2831853071795862 
  0.7008522194003188 
 -0.0732236299215343 
 -0.2253672418218124 
  0.7463875975176905 
  0.2940181990183113 
  0.0343046198029464 
 -0.3421388751729429 
  0.1047476003609746 
 -0.2210518552609833 
  1.9989400185691821 
  0.0992421409241068 
  0.2152368158029182 
  0.7291186725772280 
  0.6199641473517201 
 -0.1920800962122693 
 -0.0527023219593009 
  0.0702469367465421 
 -0.0117854412235487 
  1.3219340057971798 
  0.0720623937284263 
  0.2462119959583043 
  0.1656020359204999 
  0.1030911611355575 
  0.3559808169330982 
  0.1000359309207227 
  0.0476937410403899 
  0.2867425781823416 
