  6.2831853071795862 
  0.9486185093375540 
  0.1233034767110461 
  0.2027439309813108 
  0.6335253593869948 
  0.3998360270236687 
 -0.0904177070689560 
 -0.3011587724877828 
  0.3297791209472232 
 -0.0969521988314608 
  1.9339618014423547 
  0.1842377580906731 
  0.3996981554456377 
  0.6918024425747160 
  0.5442204481277648 
 -0.3064854880997312 
 -0.0528355994894259 
  0.1607977756285431 
 -0.0520149187081848 
  0.3605159294522201 
  0.0892892093709546 
  0.2731734200831129 
  0.0002475863858272 
  0.1600581994976741 
  0.1848608389228648 
  0.3841979898139540 
  0.1189990476426240 
  0.0432215833490988 
