  6.2831853071795862 
  0.5688449174538751 
 -0.0804396896367399 
  0.1846972200390434 
  0.7655719352451060 
  0.3006795696076561 
  0.0371835740842910 
  0.3838559431260062 
  0.0259055890424130 
 -0.1226734075543891 
  2.0449414863912323 
 -0.0081857276174452 
  0.2834705373820711 
  0.3164157185885730 
  0.8074630883189949 
 -0.2602372677066481 
 -0.0133334263198845 
  0.1810620155886067 
  0.0767789942665262 
  0.6812680173825560 
  0.3295476928720392 
  0.0544744813577434 
  0.1819616850503556 
  0.1019149251872752 
  0.0918107265196119 
  0.1558168408945763 
  0.1817646640892214 
  0.1136870189871237 
