  6.2831853071795862 
  0.5707154601633724 
  0.1203525857442261 
  0.6076225018714557 
  0.3050965861302196 
  0.7504560684594299 
 -0.1911729783308998 
 -0.2934740254310299 
  0.2065190024037660 
  0.2114854478816517 
  2.1133588067994480 
 -0.0693545509217606 
 -0.0943184948943036 
  0.2722938221405125 
 -0.8286238837227716 
 -0.1621485799688694 
  0.2099397628598453 
 -0.0942099165642961 
  0.1643030258699013 
  0.2551860709123467 
  0.0221053982917653 
  0.1552809559475668 
  0.0720121498881142 
  0.3662063722034863 
  0.2301135778077636 
  0.2371025879558687 
  0.1127876452030037 
  0.2694043515950491 
