  6.2831853071795862 
  0.9646657986441953 
 -0.0803845557256808 
  0.1847715124976512 
  0.7656858880858534 
  0.3006295705021081 
  0.0371533972640694 
  0.3837410527437973 
  0.0258350448742896 
 -0.1226795134333043 
  2.0451024924409080 
 -0.0083693798862764 
  0.2832051415957309 
  0.3161199122508722 
  0.8075218095420642 
 -0.2603366250868391 
 -0.0131209872654079 
  0.1810290751630914 
  0.0768993952880719 
  1.2323968958239262 
  0.0934974292490773 
  0.2987690324852837 
  0.2173015861502667 
  0.0025969653268023 
  0.3116447550318334 
  0.2535088763420709 
  0.1597869741897334 
  0.0864924591086296 
