  6.2831853071795862 
  1.3328099924835115 
  0.0148555491776153 
  0.0150884046268633 
  1.0012268088982537 
  0.0155727743421570 
 -0.0158539489276590 
  0.0151309809285219 
 -0.0002284091482097 
  0.0073408255213243 
  2.1804171288028922 
  0.0011308165942737 
  0.0006867425951606 
  0.0076981862749172 
  0.0040444309195631 
  1.0006737765801952 
 -0.0011789047709713 
 -0.0095027794493861 
  0.0037355545759868 
  1.4731821870733672 
  0.1561210225133735 
  0.2378486226730699 
  0.0814317280437332 
  0.2730707276557281 
  0.1347112346042008 
  0.1703085065240749 
  0.2334867975507537 
  0.1602166108265272 
