  6.2831853071795862 
  1.1950072421503481 
 -0.0153176105911819 
 -0.0146191005649928 
  1.0002581866238529 
 -0.0467032573730510 
  0.0143750801933218 
 -0.0165424106434233 
  0.0006843437740072 
  0.0073124252934639 
  2.1804171288028922 
  0.0011308165942738 
  0.0006867425951607 
  0.0076981862749177 
  0.0040444309195632 
  1.0006737765801952 
 -0.0011789047709717 
 -0.0095027794493867 
  0.0037355545759869 
  1.0654565028071312 
  0.0225640002234475 
  0.2725511432911731 
  0.0007380686532003 
  0.1435621587231398 
  0.2365749561828292 
  0.1372251799086574 
  0.1600805073037288 
  0.2885158670048394 
