  6.2831853071795862 
  0.6893420194520666 
  0.0138887719156327 
  0.0159827816799221 
  0.9915546360015711 
  0.1397033928760625 
 -0.0183861685643578 
  0.0119265705876904 
 -0.0020292644024893 
  0.0070584683932358 
  2.2110329431072975 
 -0.0545698690432356 
  0.1071318200665982 
  0.2905521158457164 
 -0.1592648095565975 
  0.8247222067762418 
 -0.0164040154296827 
 -0.0671801948877463 
 -0.0191657473309231 
  0.0866669191953477 
  0.0295057977086105 
  0.0645270452148595 
  0.1174549618685474 
  0.1192223919547634 
  0.3925633932303172 
  0.0799626291729207 
  0.3380181422058794 
  0.1505750129011754 
