  6.2831853071795862 
  1.5599344175287451 
  0.0195719781586453 
 -0.1944496570153315 
 -0.0273486626912902 
  0.9681348882521833 
  0.0112077301594619 
  0.1776850249570704 
  0.0048698003200317 
  0.0433948674794611 
  2.1917685242949356 
 -0.0764748673421878 
  0.1464952057928945 
  0.4786368517075078 
 -0.4440493273471299 
  0.5454335378078796 
 -0.1804882338543145 
 -0.1204421903028177 
 -0.0241226474602206 
  1.1730783359764003 
  0.0464329011226700 
  0.0854519186464498 
  0.1666082309853888 
  0.2343601457399300 
  0.2008684652270844 
  0.1626579785028338 
  0.0673491560384228 
  0.1860065235745465 
