  6.2831853071795862 
  1.4844115235896946 
 -0.0805527632730693 
  0.1845448543119402 
  0.7653382304012870 
  0.3007821123181010 
  0.0372454634501964 
  0.3840915707650751 
  0.0260502674346803 
 -0.1226608850629006 
  2.0446128380482058 
 -0.0078140690307945 
  0.2839870290709392 
  0.3170228734225223 
  0.8073714427945575 
 -0.2599985128378192 
 -0.0137844755254591 
  0.1811000094488410 
  0.0765213871365216 
  0.6899026974055296 
  0.0478016790434464 
  0.3201857549643173 
  0.0789264738455541 
  0.0922605087799410 
  0.2247849829553554 
  0.3233544868973457 
  0.0924297256786765 
  0.0430736873141944 
