  6.2831853071795862 
  0.6365715071632059 
  0.0421179282656287 
  0.1465004092551150 
  0.5200953550837937 
  0.8297717954161874 
 -0.0909767976289538 
 -0.0815749102182181 
  0.0657586755533430 
  0.0318478862116697 
  2.1949678246822453 
  0.1687813287127299 
  0.0469472610429406 
  0.0573899832642466 
  0.6226686577866918 
  0.5921716784298713 
 -0.0312226589120127 
 -0.0549076394678140 
  0.1115301384187726 
  0.9093536459258318 
  0.0584208742503425 
  0.2168007101213802 
  0.0195034246658394 
  0.1537680057750767 
  0.1092459084684186 
  0.0310536896376396 
  0.1551979982207244 
  0.3504625854170115 
