  6.2831853071795862 
  0.0748815242123528 
 -0.0013163931442013 
 -0.0211332535271410 
  0.1242660263953339 
  0.9936073615071528 
  0.0040663935588070 
  0.0215350580190774 
 -0.0018087654164978 
 -0.0071181639305085 
  2.1876982812829850 
  0.1630560503050887 
 -0.0003487700374666 
  0.0191945235139750 
  0.6739894218840672 
  0.5546724488540208 
 -0.0225368242848371 
  0.0051206479850243 
  0.1296319539157898 
  0.5567755348845089 
  0.2463864296745003 
  0.2181995291816847 
  0.0568636003625837 
  0.0818577605006909 
  0.0514000774810136 
  0.0814754948996322 
  0.3479820745370671 
  0.3779672706373205 
