  6.2831853071795862 
  1.2455163933886326 
  0.0378015563039277 
 -0.1804876372250949 
 -0.0553062524638765 
  0.9705919521027105 
  0.0249968461913568 
  0.1609648674418393 
  0.0071732964601719 
  0.0524976304865724 
  2.1911497995715163 
 -0.0744376944942184 
  0.1470631639335425 
  0.4799657630005634 
 -0.4474287918950979 
  0.5415582567960863 
 -0.1829089024850693 
 -0.1221195551299665 
 -0.0211404810270952 
  0.5739329617166260 
  0.0747755673575284 
  0.0860961932467565 
  0.1384581978988715 
  0.0133445951499695 
  0.0307213838311252 
  0.0252859648360244 
  0.1498988542954106 
  0.3594487859598036 
