  6.2831853071795862 
  1.5907216760347542 
 -0.0697967124564230 
 -0.1168617863587020 
 -0.0309413227132929 
 -0.9796941135239134 
 -0.0571090006571185 
  0.1307942944419538 
  0.0179886965223197 
  0.0115448747635095 
  2.1902310068101105 
 -0.0714125371090281 
  0.1479065694233497 
  0.4819391673763447 
 -0.4524472232694773 
  0.5358035487534244 
 -0.1865035427694101 
 -0.1246104054275087 
 -0.0167120287148453 
  1.0620605867759727 
  0.0645398204059505 
  0.1658311295032796 
  0.0890654645161518 
  0.1792167965784479 
  0.1308890274869641 
  0.1584759676250042 
  0.0316341236662415 
  0.2028292831916718 
