  6.2831853071795862 
  0.8939250100290389 
 -0.0436397229869628 
 -0.1991304806895293 
  0.7433872160440174 
  0.3068452655187752 
  0.0209089800445052 
 -0.3495808535012306 
  0.1124604925541239 
 -0.2057122590401551 
  2.0045223018467042 
  0.0851148762934876 
  0.1959246085593826 
  0.7151297887677615 
  0.6465889735054788 
 -0.1721688979000065 
 -0.0525935343754188 
  0.0651375795135895 
 -0.0083132703404019 
  1.0123750183999884 
  0.2248518593181256 
  0.1762598798905626 
  0.0166074245217567 
  0.1570765575900621 
  0.2177040904129689 
  0.2997942723034436 
  0.0457444216366926 
  0.0919575294204522 
