  6.2831853071795862 
  0.0608227029570090 
 -0.0247994465280850 
  0.0011579159754938 
  0.0932083148789065 
  0.9959597283841916 
 -0.0225572480284347 
  0.0031781648424610 
 -0.0044619908890856 
 -0.0236300867802003 
  2.1883491587898716 
  0.1633652732031653 
 -0.0025409332953577 
  0.0208792195497070 
  0.6710357660242529 
  0.5572707677733695 
 -0.0260196421702188 
  0.0080072267598675 
  0.1285472762533909 
  0.1028339991487779 
  0.1009329023958797 
  0.0796890308450626 
  0.3670106785113190 
  0.1930661826227803 
  0.1127976394408145 
  0.0852739438496676 
  0.0775870179023857 
  0.0583447019118432 
