  6.2831853071795862 
  0.5766837033904306 
 -0.0803417749342086 
  0.1848291592366280 
  0.7657743090344836 
  0.3005907740288103 
  0.0371299817611896 
  0.3836519043161073 
  0.0257803065963766 
 -0.1226842512494258 
  2.0452270227449731 
 -0.0085103387737297 
  0.2830084038675308 
  0.3158899879896420 
  0.8075576876239151 
 -0.2604256256819030 
 -0.0129507882743973 
  0.1810134846364515 
  0.0769965233862921 
  0.4017425557267629 
  0.3123660762976386 
  0.2682891595481561 
  0.0427748141053498 
  0.2274187248003582 
  0.1064304249492147 
  0.0334394483158439 
  0.0593459706098720 
  0.2686669152117490 
