  6.2831853071795862 
  0.5446755546352504 
 -0.0019896195804805 
 -0.0639442435147155 
  0.0620189786024231 
  0.9956469342557019 
  0.0061233714318522 
  0.0654301212932229 
 -0.0004445384938034 
 -0.0035544447080902 
  2.1887939543974908 
  0.1655296144985230 
  0.0030829978507812 
 -0.0192567472550139 
  0.6625670373229466 
  0.5671965690620139 
  0.0251121744582281 
 -0.0081839818193100 
  0.1222684686967380 
  0.5776727465142703 
  0.1630082064279420 
  0.2052705962324645 
  0.0445011531885045 
  0.1439827797445318 
  0.1671917070923866 
  0.0830452332332064 
  0.3790895737218745 
  0.0568276972770059 
