  6.2831853071795862 
  0.6750321970129746 
  0.0224423955058691 
 -0.0685703371519485 
  0.7161228324503108 
  0.3450007460659332 
 -0.0159806467668562 
 -0.3382476963262811 
  0.1935929170296192 
 -0.1708288527811260 
  1.9915979821403544 
  0.1165232824120421 
  0.2488377176451414 
  0.7363513019941511 
  0.5915194724830024 
 -0.2164718076488075 
 -0.0454531128107659 
  0.0872303724048729 
 -0.0224152467920549 
  0.3584026676918926 
  0.2272610505207583 
  0.0790540588854692 
  0.1229028145919571 
  0.0892708079778273 
  0.1546000879411083 
  0.2773063581121590 
  0.0039005769696057 
  0.0376897440034143 
