  6.2831853071795862 
  1.1536745716877128 
  0.0195719781586453 
 -0.1944496570153298 
 -0.0273486626912903 
  0.9681348882521836 
  0.0112077301594619 
  0.1776850249570695 
  0.0048698003200318 
  0.0433948674794599 
  2.1915076986875541 
 -0.0756160898838123 
  0.1467346305667789 
  0.4791970589887810 
 -0.4454739526449197 
  0.5437998993166130 
 -0.1815086753236682 
 -0.1211492894105182 
 -0.0228655045955648 
  1.0420424715555998 
  0.0661349731271492 
  0.0114727099949791 
  0.1032283909012369 
  0.2291502718156481 
  0.1175078190787432 
  0.0280648096013391 
  0.1872661205334618 
  0.1539318033689489 
