  6.2831853071795862 
  0.9376937301800424 
 -0.0000000000000007 
 -0.0211742129854324 
  0.0000000000000007 
  1.0013479086497818 
 -0.0000000000000007 
  0.0219156172730788 
 -0.0000000000000001 
 -0.0073443781270792 
  2.1890533153306326 
  0.1638061564632211 
  0.0010222259936909 
  0.0139970265618091 
  0.6663795293435485 
  0.5623919082717878 
 -0.0151949941064059 
  0.0018395382711047 
  0.1276076804972904 
  1.3718039142735725 
  0.1003006796859610 
  0.1340461818233094 
  0.1741871507013832 
  0.0852978737982870 
  0.0541572852349675 
  0.2033177619706965 
  0.2777505805943160 
  0.0081551675192750 
