  6.2831853071795862 
  1.1380627551417350 
 -0.0060938049618288 
  0.0900565694056372 
  0.6889654614514792 
  0.3932567528259497 
 -0.0323890135947476 
  0.3307523355525014 
  0.2178215585510485 
 -0.1540337109822421 
  1.9651187080958055 
  0.1028229165410696 
  0.3055773788210313 
  0.6375372858432956 
  0.6584442434520922 
 -0.2628114995553790 
 -0.0926628644091849 
  0.0872334124936238 
 -0.0138559024314902 
  0.5939293332168941 
  0.0184056970102299 
  0.2482167973849540 
  0.0315449261878620 
  0.1235370112985556 
  0.1097127700974710 
  0.1151663760378802 
  0.0707096857874413 
  0.1629252341204047 
