  6.2831853071795862 
  0.8573643453284013 
  0.5102480147668111 
 -0.2929579190397488 
  0.7136118662926967 
  0.4179330625951559 
  0.0070248920667760 
 -0.3471764188284562 
 -0.2348118167378586 
  0.1279517342128884 
  2.0086432693883287 
 -0.0178229293173871 
 -0.3292260748979193 
 -0.3437790335583490 
  0.7664425007261014 
 -0.3114267969919026 
 -0.0018799837940479 
 -0.2077618469165002 
  0.0421066851307932 
  0.9061319070387723 
  0.0654349508561253 
  0.2815388280223914 
  0.3106174786985098 
  0.1893694862878549 
  0.0501687676605303 
  0.3762242374559204 
  0.1946843235780532 
  0.0083368053650188 
