  6.2831853071795862 
  0.2716848714176581 
 -0.0469270363155203 
 -0.2007060402042889 
  0.7376835144926542 
  0.3088798216400216 
  0.0231814701632523 
 -0.3528257108121910 
  0.1168986069572521 
 -0.2086852383300082 
  1.9947635322970407 
  0.0897052686251104 
  0.2251361413695839 
  0.6803247476441158 
  0.6669805860494535 
 -0.1961181472773744 
 -0.0717858146709537 
  0.0642419326167970 
 -0.0035532093375775 
  1.2576556086498705 
  0.0585432783775834 
  0.1025607508294841 
  0.3808767195964393 
  0.0994588888304250 
  0.0419811920853939 
  0.0279188079918939 
  0.2709712706876672 
  0.2853604955166258 
