  6.2831853071795862 
  0.1339427643354774 
  0.0511443325514184 
  0.1435985621138821 
  0.6190485963705420 
  0.7588143687224187 
 -0.1045330494804259 
 -0.0632778417003348 
  0.0715767051361155 
  0.0146719647129777 
  2.1927076662720744 
  0.1686298245987512 
  0.0353399227126154 
  0.0645942761020185 
  0.6389275541787334 
  0.5775356619044597 
 -0.0522682535883598 
 -0.0358120535835938 
  0.1157698351671059 
  0.1154114655170188 
  0.3517784784186921 
  0.0664465177402724 
  0.2789757797832413 
  0.1816817789894793 
  0.2242737282837974 
  0.0223796734645589 
  0.0330096647332025 
  0.0752872120754241 
