  6.2831853071795862 
  0.3180147246610320 
  0.0421179282656287 
  0.1465004092551150 
  0.5200953550837936 
  0.8297717954161875 
 -0.0909767976289538 
 -0.0815749102182182 
  0.0657586755533431 
  0.0318478862116697 
  2.1949678246822448 
  0.1687813287127302 
  0.0469472610429401 
  0.0573899832642484 
  0.6226686577866950 
  0.5921716784298681 
 -0.0312226589120157 
 -0.0549076394678126 
  0.1115301384187730 
  0.6727720782618387 
  0.0495492477572537 
  0.0682786142326608 
  0.2646722519506048 
  0.0836322553961325 
  0.0446271068249501 
  0.1737939588401715 
  0.1001363824346351 
  0.2447117062353117 
