  6.2831853071795862 
  0.5740390594612238 
  0.0392183679677945 
 -0.0983807684541260 
  0.7212769072863708 
  0.3661141973929423 
  0.0012199589022807 
 -0.3565075757085426 
  0.1596359606339003 
 -0.1436428389071626 
  1.9895304416574331 
  0.0951756689173228 
  0.2312595690508322 
  0.7175073862498645 
  0.6246172246132466 
 -0.2086833027131599 
 -0.0510890272689357 
  0.0677193835275008 
 -0.0150815205966467 
  1.0018143910133963 
  0.0134181129968251 
  0.0363778511745149 
  0.2112642159104654 
  0.1023028405592485 
  0.3475536746522090 
  0.0442570532985150 
  0.0006763392958463 
  0.2423066839659641 
