  6.2831853071795862 
  0.1476753746387665 
  0.0062775250202168 
  0.0825936324057843 
  0.6632770505058153 
  0.4305059532630435 
 -0.0590294414740405 
  0.2971567671394937 
  0.2561100464154600 
 -0.1353688110208796 
  1.9643087499616272 
  0.1390401877919031 
  0.3249117488822452 
  0.6561412510404359 
  0.6100095323847157 
 -0.2934077578630557 
 -0.0998099208634195 
  0.0932735508512495 
 -0.0109934593877719 
  1.5359175375740053 
  0.0703611880654211 
  0.2381573763689004 
  0.1216898246130485 
  0.0517955314390343 
  0.2455353262845239 
  0.2296580606785734 
  0.0746945808686012 
  0.1999747676844715 
