  6.2831853071795862 
  1.3662574832371792 
 -0.0479135281107075 
 -0.2027455705041103 
  0.7419774629983519 
  0.3071014685189674 
  0.0243482070636438 
 -0.3491519694536536 
  0.1135590279240536 
 -0.2078360061750535 
  2.0019729051347399 
  0.0852515335831835 
  0.1967720053617013 
  0.7108369505902495 
  0.6488867257741496 
 -0.1788404574859697 
 -0.0571804865440878 
  0.0559919791876956 
 -0.0069479445626493 
  0.3689941210722461 
  0.2917941396572244 
  0.2584976480575778 
  0.1900938753587929 
  0.1178235421285660 
  0.1590317075991342 
  0.1524895420300208 
  0.0124707846348198 
  0.1583921125320106 
