  6.2831853071795862 
  0.2232336183018384 
  0.0048270914399972 
 -0.1400536401510144 
  0.7250209120055969 
  0.3495779789472808 
  0.0162226236227206 
 -0.3465511078085537 
  0.1519629936941933 
 -0.1653688404126931 
  1.9887057769607095 
  0.1168072989882764 
  0.2509167711612664 
  0.7303871974811516 
  0.5921628039249197 
 -0.2274306296550729 
 -0.0500949347743002 
  0.0781586266459337 
 -0.0197033150765357 
  1.2612828086811561 
  0.2801016260640447 
  0.1818998084303317 
  0.3587356302871948 
  0.0387057108606922 
  0.0798388639181572 
  0.3351650062499488 
  0.0419132606660918 
  0.0336667745220438 
