  6.2831853071795862 
  0.0871219161328766 
  0.0625261320112847 
  0.0511748544720695 
  0.6746111932629381 
  0.3793041456736675 
 -0.0396701361862296 
 -0.3060916401371765 
  0.2735438405366800 
 -0.1442242511450715 
  1.9509738086438004 
  0.1662973265030102 
  0.3511114517896929 
  0.7381808073810759 
  0.5171001031300877 
 -0.2878776066508718 
 -0.0163984324085731 
  0.1279174950839473 
 -0.0639801089168339 
  0.2690671543333332 
  0.2422961283854196 
  0.0942666712841967 
  0.0542202543917213 
  0.1458414643722294 
  0.0811539014751764 
  0.0006007516078377 
  0.3143944475167613 
  0.2234129303275301 
