  6.2831853071795862 
  1.2195041473725747 
  0.0195719781586452 
 -0.1944496570153314 
 -0.0273486626912912 
  0.9681348882521833 
  0.0112077301594611 
  0.1776850249570709 
  0.0048698003200317 
  0.0433948674794604 
  2.1915573024920367 
 -0.0757794121494718 
  0.1466890967720285 
  0.4790905187884984 
 -0.4452030174578347 
  0.5441105846251959 
 -0.1813146078023052 
 -0.1210148133280488 
 -0.0231045879796367 
  0.6888920926248115 
  0.0735841542304109 
  0.0376508137438891 
  0.0632482407410194 
  0.2988042105897320 
  0.3036560861031614 
  0.2024385575057103 
  0.1572689772595387 
  0.1949843061492584 
