  6.2831853071795862 
  1.3313750303036023 
 -0.0176059893098146 
  0.0859100350523386 
  0.5902419742762662 
 -0.4886270655323493 
  0.1132598513865585 
  0.2808830240120113 
  0.3141041636469898 
  0.0785688070994965 
  1.9810766416762224 
  0.1367043410887083 
  0.2749334792063923 
  0.6215647592757083 
  0.4667568018757957 
 -0.4458544813008994 
 -0.0820323013270204 
  0.0138549443096815 
 -0.0056803057314671 
  1.1267111136794739 
  0.1078741527474491 
  0.0366093229038610 
  0.3692803319992510 
  0.0687823587049442 
  0.1176816984420878 
  0.0083370581399878 
  0.0067462820771302 
  0.1967306160689173 
