  6.2831853071795862 
  0.3534682721947730 
 -0.0447141447071153 
 -0.1997644726298487 
  0.7421628458612857 
  0.3072930459288493 
  0.0216915352438421 
 -0.3501323857875571 
  0.1134594830214804 
 -0.2065253749539846 
  2.0033588390267090 
  0.0882451565514077 
  0.2005823536146438 
  0.7191402110863498 
  0.6395295519362578 
 -0.1771600626473829 
 -0.0519229447827579 
  0.0662710594502778 
 -0.0094662335369330 
  0.9290139865336188 
  0.3322255021589970 
  0.1905991859340448 
  0.0840076471821443 
  0.0809785930137816 
  0.0903028399529995 
  0.2025775495255740 
  0.2485768097078626 
  0.0682621587060218 
