  6.2831853071795862 
  0.7423508447032583 
 -0.1798446526907985 
  0.1343703850909349 
  0.6088091949536770 
  0.5541095222087424 
 -0.1456938967157254 
  0.3731919950135402 
  0.0581490342603550 
 -0.0430898084273726 
  2.1076643833461004 
  0.0254896820696119 
 -0.0809441852102069 
  0.6169908931138761 
 -0.6259805866287417 
 -0.2509886614013199 
  0.0696673064667450 
 -0.1422017446430947 
 -0.0167080224165556 
  0.5372940031060335 
  0.1505540648664451 
  0.1284809459198742 
  0.2200086844989460 
  0.3178632986343441 
  0.0801379140053027 
  0.0565741949254761 
  0.1691151907751106 
  0.2969111929452571 
