  6.2831853071795862 
  0.0964807828880695 
  0.0060054309214733 
 -0.1021670175271056 
  0.7207585596369503 
  0.3352725721419719 
 -0.0068187794066064 
 -0.3448265824964214 
  0.1728618255504568 
 -0.1796858878492323 
  1.9938849982064182 
  0.0989510731350395 
  0.2256807453961990 
  0.7297500772072858 
  0.6126056644556834 
 -0.2021273094148061 
 -0.0480286791318937 
  0.0711773653703807 
 -0.0162682550036245 
  0.9180611375552865 
  0.2307784287522712 
  0.0336277818558392 
  0.0243077229616828 
  0.3754542312683251 
  0.2971824503297084 
  0.0664573616769914 
  0.1032107488692693 
  0.0722133792468363 
