  6.2831853071795862 
  1.5527045775407637 
 -0.0476864679686956 
 -0.2029178597071109 
  0.7441008484753483 
  0.3061727516727973 
  0.0239491644473574 
 -0.3475276906574465 
  0.1121334327197303 
 -0.2073593422341649 
  2.0041965291161055 
  0.0862020005115517 
  0.1980694413240045 
  0.7169317015305541 
  0.6435192685922004 
 -0.1743782160488451 
 -0.0518516204419785 
  0.0658277127211782 
 -0.0090482441274668 
  1.3224690652557691 
  0.2253377609514933 
  0.2195095008529365 
  0.1107052381210324 
  0.1464213401736005 
  0.1411576232483919 
  0.0173413023829293 
  0.1346769193273943 
  0.2512414023250263 
