  6.2831853071795862 
  0.5465988851915363 
 -0.0177641653582803 
  0.0115230952732392 
  0.9143540569559189 
  0.4082331352126429 
  0.0033946892338687 
  0.0216511054097832 
  0.0054681155394418 
 -0.0049030197349006 
  2.1817388778957776 
 -0.0138484078674764 
 -0.0009514034955242 
 -0.0064830263089811 
 -0.0525086954515969 
  0.9931717368557232 
 -0.0233166958506717 
  0.0025049078828949 
 -0.0538688040765297 
  0.6546355190431715 
  0.0354996333601366 
  0.3882576742582703 
  0.0277608024222926 
  0.2042683671773975 
  0.1474954668503921 
  0.1779777714046343 
  0.2038208046378888 
  0.3344262983281829 
