  6.2831853071795862 
  1.1442697824452148 
  0.5311605591110368 
  0.2578725150914370 
  0.6502133730553363 
 -0.5100446368383629 
  0.0734945327377012 
  0.3420807521254706 
 -0.2590146873606829 
 -0.0634023065777328 
  2.0309530693478970 
 -0.0024885563053434 
  0.0003247414718069 
  0.8958038861405120 
 -0.4315986901241862 
  0.0039225474163055 
 -0.0011751483000030 
 -0.0454143900453141 
 -0.0361794010781163 
  0.0291654863958742 
  0.0816692198905579 
  0.0617594497273925 
  0.3004206186877161 
  0.2171532510060456 
  0.0074414023517129 
  0.0687498803167427 
  0.3212952366665763 
  0.0644193612621452 
