  6.2831853071795862 
  1.0501244503577249 
  0.4818012298496931 
 -0.3568992498873814 
  0.7867966909836213 
  0.2398366137872912 
 -0.1173973852169132 
 -0.3303439473381525 
 -0.1534734373087278 
  0.2283617253507623 
  2.0649219106402645 
 -0.0685699165201670 
  0.0618721913830318 
 -0.5063059715376621 
 -0.7784954478954283 
 -0.1613846370002533 
 -0.0137387598362994 
  0.1062409945151545 
  0.0316678852000714 
  1.3405587225399656 
  0.2345927198326601 
  0.3300587613939188 
  0.0375499532109955 
  0.2139632003236549 
  0.1386549896714994 
  0.1480847103715099 
  0.3462501728618091 
  0.0761133865658476 
