  6.2831853071795862 
  0.9937916594063212 
 -0.0211102254417637 
  0.0016448943280255 
  0.1551069688110297 
  0.9892620797258662 
 -0.0213219641980705 
  0.0050663717980694 
  0.0022478002062290 
  0.0069919442436556 
  2.1876982812829824 
  0.1630560503050876 
 -0.0003487700374694 
  0.0191945235139811 
  0.6739894218840811 
  0.5546724488540069 
 -0.0225368242848466 
  0.0051206479850300 
  0.1296319539157929 
  0.3206755343901698 
  0.0076772535932760 
  0.1449523299311242 
  0.0773877111159684 
  0.1571479029390526 
  0.1990865058203636 
  0.0986556436020972 
  0.2517966477079574 
  0.2284680447280850 
