  6.2831853071795862 
  0.4598190860920122 
  0.1797156116866902 
 -0.1544740125093312 
  0.6938660247811457 
  0.2987037730058811 
 -0.0803192247131703 
 -0.4700444672638944 
  0.0213667570276612 
 -0.0581775292400303 
  1.8885660547530503 
  0.0458239160230545 
 -0.2851101477044509 
 -0.0722505921104344 
 -0.4219915357000784 
 -0.7241885646384365 
  0.0486909447316633 
  0.1985695953255940 
 -0.3415040451358108 
  0.8352931184092508 
  0.1071124167009731 
  0.0988919746083214 
  0.0166465286625000 
  0.2636829407143798 
  0.3758035665942567 
  0.0943120554410983 
  0.3010619554464196 
  0.1682259884786794 
