  6.2831853071795862 
  1.1475113681664479 
 -0.1910379144977145 
 -0.2605227445566548 
 -0.8979269927611206 
  0.1231492828953020 
  0.0716977854843293 
 -0.2653217152673646 
  0.0839323652305946 
  0.0731832902640584 
  2.1277701788499424 
  0.0213235362016246 
  0.1022781842049694 
 -0.6437743252676317 
 -0.5651364038197053 
 -0.2974864733066259 
 -0.0786567468655927 
  0.1744266773500663 
 -0.0139380655880944 
  1.1038362538020432 
  0.1326050975773250 
  0.0198982745015487 
  0.1904619127000083 
  0.0622581378111490 
  0.0780984032762446 
  0.2456544464043581 
  0.1012657927572551 
  0.1634855533948444 
