  6.2831853071795862 
  1.2945784581516033 
 -0.5531111483450688 
 -0.2268312213496618 
 -0.5784435840812169 
  0.5858370318471108 
 -0.1371015109301361 
 -0.3225243456876186 
  0.2734643063794600 
 -0.0035367341072965 
  2.1307267928646141 
 -0.1208439404233262 
 -0.0619768407635645 
  0.1359199250499852 
  0.8186616616841944 
 -0.3357470387674917 
  0.1033516591021069 
  0.0098528377483611 
  0.1583368364627408 
  1.2475469258055243 
  0.0134966566513218 
  0.0572155466245333 
  0.0735096300655491 
  0.0738321653844600 
  0.3611204647001184 
  0.0627560278236317 
  0.1307262048792329 
  0.1355534293189293 
