  6.2831853071795862 
  0.5479528891995790 
 -0.1665688613260853 
  0.1541903810929949 
  0.6868353319505875 
  0.4719113347128705 
 -0.0720846509813307 
  0.3805554978260651 
  0.0387397649553745 
 -0.0601753890440825 
  2.1065782366688719 
  0.0253683797328437 
 -0.0799333149735357 
  0.6173611524813696 
 -0.6273932788310747 
 -0.2487156266890840 
  0.0679152183431258 
 -0.1405593054970519 
 -0.0174356347137627 
  0.1007338054147044 
  0.2649301911406859 
  0.2516748289582959 
  0.3253531588713732 
  0.1198742900386553 
  0.0719669681816334 
  0.1992428361073296 
  0.0142489650994420 
  0.0201739504783686 
