  6.2831853071795862 
  0.1895626702110700 
  0.0494399237571325 
  0.0808912757081423 
  0.9922556992577666 
  0.0458581760280877 
 -0.0531102679463171 
  0.0742936327609405 
 -0.0023871173367902 
 -0.0159699037093285 
  2.2109561201080088 
 -0.0651518503352765 
  0.1393365916760858 
  0.4151060474666232 
 -0.2366974446227527 
  0.7216388589563736 
 -0.0259979104907303 
 -0.0904148454270051 
 -0.0248319599083315 
  1.5273605372134036 
  0.3291191173385249 
  0.0965838512815363 
  0.1344505650111063 
  0.3202825897935710 
  0.0006953395682561 
  0.0425690595308697 
  0.2192400971879374 
  0.0353715371931260 
