  6.2831853071795862 
  0.3438257850619911 
 -0.0804251965550213 
  0.1847167493387625 
  0.7656018900914306 
  0.3006664263151048 
  0.0371756414868544 
  0.3838257418276384 
  0.0258870450578883 
 -0.1226750126101591 
  2.0449836216405379 
 -0.0082331081907113 
  0.2834064298812566 
  0.3163375965186799 
  0.8074724781811848 
 -0.2602708839772078 
 -0.0132741419328615 
  0.1810595902086185 
  0.0768130118674647 
  1.1926549129991344 
  0.1700588905660194 
  0.1234486673600699 
  0.0834636557014719 
  0.1728460545253602 
  0.3278480734561963 
  0.2223006383489760 
  0.2863199719177347 
  0.0654316494540169 
