  6.2831853071795862 
  1.3677030924704638 
  0.0195719781586446 
 -0.1944496570153317 
 -0.0273486626912900 
  0.9681348882521832 
  0.0112077301594612 
  0.1776850249570708 
  0.0048698003200315 
  0.0433948674794608 
  2.1914830863427865 
 -0.0755350528756158 
  0.1467572234599372 
  0.4792499219529951 
 -0.4456083848785675 
  0.5436457439245260 
 -0.1816049674688623 
 -0.1212160135607938 
 -0.0227468765439860 
  1.5544324661801046 
  0.0958131672919521 
  0.3030705428641874 
  0.1972594639010549 
  0.2797150340912891 
  0.0222477213552476 
  0.3291288115469285 
  0.1254645799063265 
  0.0784050067695002 
