  6.2831853071795862 
  0.1247698859167704 
  0.0124084633771521 
 -0.1174030930001987 
  0.7299918157800104 
  0.3542792659873042 
  0.0100458597310245 
 -0.3374932363459370 
  0.1595175829907386 
 -0.1629206183919223 
  1.9919140537742981 
  0.1318954546089766 
  0.2613641239890934 
  0.7560668767143202 
  0.5583214072438288 
 -0.2184804045474742 
 -0.0373122510032527 
  0.1075757549642006 
 -0.0329650032666000 
  0.2528942083256881 
  0.3452483420527782 
  0.0836647718752931 
  0.0681017564779509 
  0.0183981097137924 
  0.1358425627549901 
  0.0982056078909096 
  0.0463719737049009 
  0.1349550114387223 
