  6.2831853071795862 
  1.8529701177569626 
 -0.0045038691415692 
  0.0213140262032278 
  0.2826947490768788 
  0.3393231268757714 
  1.8732671337192421 
 -0.0238708770725460 
  0.0242788251780368 
  0.3409484336413096 
  0.2761038669363402 
  2.2064102423063372 
 -0.0212339215951602 
  0.0950096036434859 
  0.2927698640263833 
 -0.1611939243812926 
  2.1279420458912996 
  0.0451740273680750 
  0.1220434854538420 
  0.3304443476812188 
 -0.1562746169935740 
  2.2836428904129806 
 -0.1070312556527176 
  0.0283969250948153 
 -0.0576379570349950 
 -0.0842750347730528 
  2.3037762747065158 
 -0.0847833311772773 
  0.0335373199510366 
 -0.0067604067322439 
 -0.1154902058516136 
