  6.2831853071795862 
  1.8412681387412906 
 -0.0170038127233618 
  0.0074400594615882 
 -0.2315439178484995 
  0.0947620885295607 
  1.8955276159827021 
 -0.0604401650810740 
 -0.0733690096673114 
 -0.2127384471648127 
  0.0147586547979028 
  1.8921429700393326 
 -0.0529748583630518 
  0.0275607172162823 
  0.0614438265709592 
  0.2857589410606808 
  1.8412666317172242 
  0.0473686457787423 
  0.0241925372211051 
  0.0551624797780325 
  0.2950675423371980 
  1.9959202913165526 
 -0.2294289026231595 
  0.1528389905842407 
  0.0334341036220620 
  0.0194891562889723 
  2.0085689784836553 
 -0.1992045791411181 
  0.1735293172098289 
  0.0743620274618148 
  0.0002450876084358 
