  6.2831853071795862 
  2.1938048138936557 
 -0.1616175722394454 
  0.0816439554243640 
 -0.2240542125442629 
 -0.0187417910601772 
  2.2166871943084865 
 -0.1123367453307749 
  0.0865227767258138 
 -0.2121320075243753 
 -0.1589923346117011 
  1.9294755946168953 
 -0.0979455849353046 
  0.0135208856827709 
  0.1043786859383463 
  0.2294520043122756 
  1.9176188913274612 
 -0.1446366966959864 
 -0.0153192188429527 
  0.0405638342581018 
  0.2800653976862644 
  2.0703160692406581 
  0.2459053617131924 
  0.1008565963221084 
 -0.0966768594885488 
 -0.0997570023224846 
  2.0262912288567567 
  0.2399445462593336 
  0.0615082233335980 
 -0.0472940553161691 
 -0.1072711369202194 
