  6.2831853071795862 
  2.1234595909714673 
  0.1211642919716017 
  0.0148998150281621 
  0.0107637308092925 
 -0.0569219641481871 
  2.1404889918626862 
  0.1364731199317092 
  0.0204008466687578 
  0.0097887239682181 
 -0.1224777100925000 
  1.9900547731439462 
  0.0630325506278298 
  0.0910824729788503 
  0.1083565408549152 
  0.0729539404050741 
  1.9916792546149682 
  0.1483321036754381 
  0.0889860129376709 
  0.1570569563156433 
  0.0424807246754924 
  2.1696718567506212 
  0.0847184334445893 
  0.0485343426987166 
 -0.0571004260067769 
  0.0572298939454557 
  2.1155726173691747 
  0.0874864608193525 
  0.1042372021732164 
 -0.0419621665353141 
  0.0886966002140813 
