  6.2831853071795862 
  1.9610611640480615 
  0.0499743502819377 
  0.0909623516284393 
  0.0803891877601722 
  0.0075738450386467 
  1.9460415696556730 
  0.0287576125160642 
  0.0749660031758485 
  0.0618461925765879 
  0.0022253906897648 
  1.9563772760255453 
 -0.0571937060468566 
  0.0485308030391823 
 -0.1003356826181140 
 -0.0163032481288226 
  1.9392332746436549 
 -0.0540066881255293 
  0.0213163507626046 
 -0.1109234794108125 
  0.0616497030952312 
  1.9355891543043042 
  0.0301792317640992 
 -0.0521927691636406 
 -0.0802037166968130 
 -0.0796304250362607 
  1.9165430738376055 
  0.0071925183511907 
 -0.0920610487609436 
 -0.0869943792296775 
 -0.0596294410704693 
