   6.283185307179586
   1.975984975508501
   0.031032825698625
   0.040757905044415
  -0.096013597190685
  -0.144641752441558
   1.986420443351274
   0.027261064226927
   0.044908357581414
  -0.088776567043425
  -0.084502680771085
   1.845764693978595
  -0.109249734935011
   0.049570012776941
   0.165512127531945
   0.112998688479916
   1.920715123433666
  -0.124838371723895
   0.041246495675161
   0.098535735482857
   0.095577634326393
   1.769729149574104
   0.155779205212228
  -0.051001766214336
  -0.022354918754148
   0.172703358209214
   1.798549405561961
   0.115586700918011
  -0.063330994521559
   0.014111323493408
   0.186885722698491

