  6.2831853071795862 
  2.0407718706462701 
 -0.0367154279067310 
 -0.0608688774104385 
  0.1340144506938142 
  0.0713640201862473 
  2.0270804432589911 
  0.0150817383568346 
  0.0068961752984798 
  0.1172137361844557 
  0.0379548035807049 
  2.1188476635434368 
 -0.0157862113481407 
 -0.0309312448709396 
  0.1293016475257372 
  0.2422223521892646 
  2.0986047790522515 
 -0.0132302101857142 
 -0.0321746277143284 
  0.2048496851362027 
  0.2423812251050957 
  2.0399214795836267 
  0.1041941405023558 
  0.0665751910612332 
 -0.1304325689333041 
 -0.1175216412862062 
  2.0437277811847472 
  0.1278831759063226 
  0.1074847092452857 
 -0.0970584434369380 
 -0.0463609967684852 
