  6.2831853071795862 
  2.1475286270324005 
  0.0936449337446847 
  0.0980725849049082 
  0.2176304717723694 
 -0.1345191724853284 
  2.0567495324520997 
  0.0384943177004232 
  0.1213684515666465 
  0.2329746364452534 
 -0.1510465483386571 
  2.1793410355860785 
  0.1274610468050699 
 -0.1873919280923343 
 -0.1431680899354103 
 -0.2129368852912023 
  2.1515298692906368 
  0.1322094175807511 
 -0.1445485231791290 
 -0.0941413198452093 
 -0.1765789617997535 
  2.2041582191356395 
 -0.2693186733121269 
 -0.0062825474419802 
 -0.0101363109160241 
 -0.2519225368034378 
  2.2107713441881605 
 -0.2910149213935928 
  0.0053486787667407 
 -0.0564660820256554 
 -0.2698724927272548 
