  6.2831853071795862 
  1.8488635227036547 
  0.0669251383650049 
  0.0013732461816989 
  0.0486849867058556 
  0.0169044057499720 
  1.8418132071624489 
  0.0765010098413216 
  0.0058162217041662 
 -0.0185520929263428 
  0.0694336147164904 
  1.9526721662650079 
 -0.0584006618908202 
 -0.0590854147485917 
 -0.1713075417247726 
  0.0366412705562119 
  1.9595617188615386 
 -0.0219929749846380 
 -0.0385360787748874 
 -0.1972554794971626 
  0.0437842142339879 
  1.8847018314693536 
 -0.0333689723289132 
 -0.0244427303335310 
 -0.1460831923405758 
 -0.0943874377318095 
  1.8918636308906460 
 -0.0557760757480487 
 -0.0284479336671329 
 -0.1754123889913214 
 -0.0923532658236307 
