  6.2831853071795862 
  2.1475867542186453 
 -0.0767153956574106 
 -0.0645658065678390 
 -0.2356068828668534 
 -0.0768847981653348 
  2.1308448303158531 
 -0.0345135275371796 
 -0.0083485695219412 
 -0.1654742247349273 
 -0.1086977034323858 
  1.9317623536106696 
 -0.0081051980862679 
 -0.0341146208642347 
  0.0285667471449001 
  0.0879909459272853 
  1.9547916614717304 
 -0.0230445530000083 
 -0.0546815043001357 
  0.0142264916376434 
  0.0717382961358629 
  1.9554257153915549 
  0.0226293464119096 
  0.0292587860953236 
  0.2439914872519970 
 -0.0548458234175965 
  1.8905543280560282 
  0.0108845848157913 
  0.0598512987827653 
  0.3023251670260625 
 -0.0489108944822674 
