  6.2831853071795862 
  1.9176124396006549 
  0.0226724983114991 
  0.0416346333203481 
 -0.1841114294788548 
  0.0447631002066756 
  1.8990381325253443 
  0.0086371246673432 
  0.0073324005119451 
 -0.1875818895853130 
  0.0310683221759929 
  1.8567910644913774 
  0.0299989760840270 
 -0.0043179374328628 
  0.1646537896334669 
 -0.1149177429955464 
  1.8823671182057256 
  0.0208017276234794 
  0.0666648931925666 
  0.0809601470941093 
 -0.1254737692605683 
  1.8783444785419547 
  0.0467704621602095 
 -0.0978437329558506 
  0.1473298825367522 
 -0.0598144637460933 
  1.8905386390300321 
  0.0436547324294460 
 -0.1035253811704862 
  0.1423708534665695 
 -0.0786870708647536 
