  6.2831853071795862 
  1.8610409524996505 
  0.0081097720055309 
 -0.0098654854114825 
  0.1818603887390362 
 -0.0154846311951759 
  1.8490271575269850 
  0.0759821538888374 
 -0.0727245812829139 
  0.1317364857032397 
 -0.0517918824561487 
  1.9726351433424756 
 -0.0082059559455845 
  0.0018654852715433 
 -0.1151516350326711 
  0.0936756669717870 
  1.9313519926376526 
  0.0220302503511681 
  0.0171397199676783 
 -0.0888114636957040 
  0.0541570587254834 
  1.9917508061651352 
  0.0576778613459658 
 -0.1310347938271415 
 -0.0631407606010552 
 -0.0011831121005694 
  2.0017916835531895 
  0.0737890447615948 
 -0.1145364632095588 
 -0.0957335102276180 
 -0.0373088244355951 
