  6.2831853071795862 
  2.0612003850750589 
  0.2129887809850293 
  0.0976187634361231 
  0.0866621667809973 
  0.0081712488289436 
  2.0631691880415115 
  0.2091472231292880 
  0.1161214938551864 
  0.0261826962773015 
 -0.0183190979235101 
  2.1622455974578472 
  0.0134618423547915 
  0.0874953604436320 
  0.2363328042900030 
  0.1726546126167110 
  2.1796283314245972 
  0.0268989852153532 
  0.0845193965973196 
  0.2455664906396700 
  0.1233900344336956 
  2.0937901010745201 
 -0.0063737061734261 
  0.2340912730775604 
 -0.0001841427946662 
  0.1290520609870199 
  2.1281463371123359 
 -0.0336531774741817 
  0.2292760826021977 
  0.0270831852043481 
  0.1086121163673337 
