  6.2831853071795862 
  1.9080371527268853 
 -0.1352305446203060 
 -0.1401947800462219 
 -0.0186864159574643 
  0.0240366372128990 
  1.9473207033616060 
 -0.1793505317905924 
 -0.1310727941860270 
  0.0073479497954716 
  0.0450815167107480 
  1.8463389502351524 
  0.0011891210780962 
  0.0031705870667255 
 -0.1891751252435166 
 -0.1448732966893136 
  1.8875074820379920 
 -0.0172847689022102 
 -0.0097797205090023 
 -0.2152239771423583 
 -0.0848605420237185 
  1.8376580871805039 
 -0.0257523283437213 
 -0.0049409193161527 
 -0.1501138619644748 
 -0.0070740629267586 
  1.8415872247196765 
 -0.0581898337482313 
 -0.0329098780108866 
 -0.1298693242708280 
 -0.0313180414695971 
