  6.2831853071795862 
  1.9950557546834427 
  0.0002560329227279 
 -0.1551083389249776 
  0.0138319217531198 
 -0.1019523159722258 
  2.0084792828178761 
 -0.0085168849393728 
 -0.0989816735254489 
  0.0457382490841130 
 -0.0497282626796463 
  1.9860483256336634 
  0.0835581930888098 
  0.0041138482594508 
 -0.1218684530232714 
  0.0970662696306666 
  2.0142568383540795 
  0.0647641879733747 
 -0.0017598511778855 
 -0.1132276010745547 
  0.0785808491894157 
  1.8862189251856294 
 -0.0231899751897815 
  0.1071622121937175 
 -0.0588474042190666 
 -0.0148963667520474 
  1.8764371183033599 
 -0.0434681098689956 
  0.1106457192476494 
 -0.0710194318274217 
  0.0215059645667517 
