  6.2831853071795862 
  2.0550243370516177 
 -0.0029368460836815 
  0.0486734759710761 
  0.2380625185210465 
 -0.0789775917323382 
  2.0507145611878972 
  0.0312111640566984 
  0.0281250068838587 
  0.2280030894228576 
 -0.0944847287800027 
  2.1062748409429459 
  0.0351941927513905 
  0.0387247558463763 
 -0.1918810964463789 
  0.1047100070142898 
  2.1308746324055359 
  0.0320424619913154 
  0.0109844634624715 
 -0.1727856854191629 
  0.1227932832900216 
  1.9709117832071950 
  0.1649767577934267 
  0.1932929919580674 
  0.0848181860540727 
  0.0108357222963642 
  1.9922206087022762 
  0.1827789861015731 
  0.1660118350358574 
  0.0021235594038750 
 -0.0124402694481294 
