  6.2831853071795862 
  1.9888000594519064 
  0.0766931688102928 
 -0.0560917037482162 
  0.1486761627591251 
 -0.0055633958896460 
  2.0431702904593458 
  0.0813988998522010 
 -0.0384317431755899 
  0.1086489652347932 
  0.0066830162433165 
  2.0336813732882835 
  0.0316437801084754 
  0.0149710230221728 
 -0.0893474514582801 
  0.0037952331600524 
  2.0324099329053396 
  0.0199239527913375 
  0.0655804952958966 
 -0.0862653957474163 
 -0.0235449163892406 
  2.1018333919072991 
  0.0199237113027903 
 -0.0685841756557977 
  0.0992338781283847 
  0.1490093266344273 
  2.1033475275440892 
  0.0248960875612632 
 -0.0265008601691994 
  0.0640461166663717 
  0.1801577529935437 
