  6.2831853071795862 
  1.4584286558549495 
  0.0618164577871244 
 -0.0514719805145879 
 -0.2591216399716163 
 -0.1059749025584592 
  1.4493275345954495 
 -0.0286386835927236 
 -0.0676980023420838 
 -0.3063760905749022 
 -0.1794802015256187 
  1.5051773869870777 
 -0.0146382679637665 
  0.0425861202355568 
 -0.0195518849887379 
 -0.0814551354070244 
  1.4692738136583487 
 -0.0003364811038608 
 -0.0068631841747690 
  0.0507263649722581 
 -0.0739056690611189 
  1.5356553328498292 
 -0.1335109200333403 
 -0.0134890916746167 
 -0.2472942082544674 
 -0.0868341462370884 
  1.5388513098436911 
 -0.1290184235006510 
  0.0427943653362484 
 -0.2132927021097867 
 -0.1139889233068395 
