  6.2831853071795862 
  1.4932850266703621 
 -0.0109866881685659 
  0.0453367008790424 
 -0.5473260046534644 
 -0.1933240236646126 
  1.5032954785887434 
 -0.0071572361757802 
  0.0978297842259254 
 -0.6248473520274644 
 -0.2576226638051429 
  1.3775374823667734 
 -0.0766729762133156 
 -0.0645124212649535 
 -0.3378613032218856 
 -0.1075023846575592 
  1.3988697121553371 
 -0.0260126138174598 
 -0.1268062711181282 
 -0.3130267689692959 
 -0.1824671835255550 
  1.4626927137754855 
  0.0521928207302932 
  0.0776787301208970 
 -0.6968015845373317 
 -0.2704772087415154 
  1.4651708046498630 
  0.0031817608260228 
  0.0040645431199284 
 -0.5923029412641200 
 -0.2431210669849946 
