  6.2831853071795862 
  1.4666457420370798 
  0.0791731595426865 
 -0.2067497070723322 
  0.4604058161457275 
 -0.0049513334847424 
  1.4504604939511860 
 -0.0130040997430879 
 -0.1417805453839268 
  0.4039600127725408 
  0.0301292264369873 
  1.4995261486088749 
  0.0746764477013785 
  0.0575764334277036 
  0.2496198055013726 
 -0.1779394345068595 
  1.5085179145833751 
  0.0618007455568609 
  0.0283997046681496 
  0.2407747130104750 
 -0.1160509041544489 
  1.4819360028718700 
 -0.0517649666213875 
  0.0227706998655126 
  0.3992981459325928 
  0.1057771252140338 
  1.4804813365229985 
 -0.0445485094474335 
  0.0959480696968906 
  0.3732250333046164 
  0.0159936688524024 
