  6.2831853071795862 
  1.8685065294728056 
  0.0151004668090919 
  0.0276868931446842 
  0.1220104824689802 
 -0.8584439796787742 
  1.9011508001376063 
 -0.0008200275910523 
 -0.0326716614810121 
  0.1031770599634352 
 -0.9598622670592133 
  1.7737395568941448 
 -0.0550589257146607 
  0.0941351080488108 
  0.0165963069809325 
 -0.6351958299783128 
  1.7651155622971753 
  0.0338431077215091 
  0.0965235432742320 
 -0.0487244735934686 
 -0.6430636870229207 
  1.9266995844751196 
 -0.0567472621705620 
 -0.0194309293076526 
 -0.0271277833758659 
 -0.8967077614882992 
  1.8730647074892119 
 -0.0608836382525395 
 -0.0019459010540768 
 -0.0406490833902359 
 -0.8679581552498536 
