  6.2831853071795862 
  1.9879246351509150 
  0.0514504255975408 
  0.0899279891486291 
 -0.2642534577602121 
  0.1396999109638827 
  1.9921156329760206 
  0.0569105465897343 
  0.1083021432003697 
 -0.3248227481869515 
  0.0450859361202183 
  1.9898790395416199 
  0.0420424386792177 
 -0.0548142103573370 
 -0.0407233577031697 
 -0.0083436354514143 
  1.9939768575009496 
  0.0156329464425963 
  0.0021663305180317 
 -0.0162564761905448 
  0.0071507063087304 
  2.0224435602273276 
  0.0574330620608677 
  0.0717707104344394 
 -0.1650281668709387 
 -0.1017343009959557 
  2.0094726105334497 
  0.0381930633237836 
 -0.0182508419003116 
 -0.1420972802796334 
 -0.1380684638186038 
