  6.2831853071795862 
  1.9018259200094227 
  0.0199947743515639 
 -0.1289673001744315 
 -0.3113976370925502 
 -0.6811377198602596 
  1.9204654783807231 
 -0.0087004691226587 
 -0.0661739005087399 
 -0.3530838010524147 
 -0.6357188547296772 
  1.8518922920591243 
 -0.0186295888365019 
 -0.1131975233000348 
 -0.5410485225198362 
 -0.3589256287736741 
  1.9167086075906998 
 -0.0162913165879247 
 -0.1172222522927119 
 -0.5456908991138036 
 -0.4000179837891545 
  1.9068607198128500 
 -0.0743019392011243 
  0.0084342466753082 
 -0.5104554916850398 
 -0.6098881534324494 
  1.8901121768042362 
 -0.1156886651208265 
 -0.0340135850112803 
 -0.4959374461158101 
 -0.4964222873241771 
