  6.2831853071795862 
  1.5072192950343979 
  0.0708130520186580 
  0.0102500380164958 
  0.1095079664717955 
  0.1997484943250934 
  1.5277442152541578 
  0.0997964657758609 
 -0.0461827533492366 
  0.1422500579755874 
  0.1446886598989964 
  1.4063895447242820 
 -0.0665858699502836 
  0.0532371175225507 
 -0.0440202191958988 
 -0.0090604803668735 
  1.4093594379604375 
 -0.0521073091529034 
  0.0851316770324201 
 -0.0097873241927006 
 -0.0945819541155106 
  1.5176610242350776 
  0.0590668543843365 
 -0.0895614891532212 
  0.3039251171925052 
  0.0651443703792059 
  1.4853671728125581 
  0.0089977069627940 
 -0.0350454116143749 
  0.2261757904101772 
  0.0098153977338882 
