  6.2831853071795862 
  1.9649201456924947 
 -0.1732480940318767 
  0.0830057487960716 
 -0.2652104324313643 
 -0.6480883222501415 
  1.9742471486621183 
 -0.1440515738377411 
  0.0670073636085988 
 -0.2595353338173887 
 -0.6524042812994327 
  1.9192464994327434 
 -0.0173947390528542 
  0.0211171200948215 
 -0.5477064970152555 
 -0.5674379508284151 
  1.9086836053729102 
 -0.1097131088806544 
 -0.0204339565103839 
 -0.6101730963716255 
 -0.5729782773393842 
  1.9816543116918450 
 -0.0438503255055776 
  0.0817345676061002 
 -0.2876409801942629 
 -0.7468344359613768 
  1.9599522233875919 
  0.0100921312838476 
  0.0297296453306197 
 -0.3545856771831357 
 -0.6730712197618566 
