  6.2831853071795862 
  1.4727971335977192 
  0.0340445607872357 
 -0.0188893276251730 
  0.1159228575380230 
  0.2688535745172393 
  1.4663192777710787 
 -0.0036608010267294 
  0.0613150636901050 
  0.0303272740988294 
  0.1964769430746184 
  1.5027949487084362 
 -0.0108604778607537 
 -0.0584332364207734 
  0.4074828717954507 
  0.1492931311320025 
  1.5062888201709173 
  0.0539508182001325 
 -0.0783447688577837 
  0.3514698855837762 
  0.1148887358621591 
  1.4011340442126976 
 -0.1443922648115577 
  0.0868859797414425 
  0.1230740897409795 
 -0.0076049417382170 
  1.4369661035100147 
 -0.1675025383772699 
  0.0763645164602331 
  0.1893359739221844 
  0.0097500654125428 
