  6.2831853071795862 
  1.5305602893511505 
  0.0733042557152014 
  0.0566487757208843 
  0.1952603148252999 
  0.1083253833935632 
  1.5588902497582457 
  0.0506593458533756 
 -0.0105677403169372 
  0.1960977778463032 
  0.1259255486606597 
  1.4855599826762549 
  0.0363080371317825 
 -0.0064565065817436 
  0.0412306077257327 
 -0.0457620597095723 
  1.5153203952633356 
  0.0327864196834090 
  0.0372157872284349 
  0.0479965559075901 
 -0.0899439704553436 
  1.4780728697891659 
  0.0887231913941317 
 -0.0113890241909124 
  0.2787569230413044 
  0.2134825395676129 
  1.5032720616277886 
  0.0146665531926577 
 -0.0475981404762632 
  0.1897835094932719 
  0.2110366784254102 
