  6.2831853071795862 
  1.4759561692228800 
  0.0391479236009589 
  0.0398497611432560 
  0.0421653056140305 
 -0.1965090112197189 
  1.4684276624188195 
  0.0543765795817811 
  0.0673235621990080 
  0.0595275297579906 
 -0.1740823424748413 
  1.4407165211630681 
 -0.0940239723725654 
 -0.0914793841786495 
 -0.1327526695348241 
  0.0659822388483085 
  1.4240548220653926 
 -0.0224922211908599 
 -0.0682941270645007 
 -0.0438397987917908 
  0.1318531481286971 
  1.4997577545748768 
  0.0476079816350067 
  0.1203209418165503 
 -0.2123388864245863 
 -0.1730234506251526 
  1.5103880040539290 
 -0.0260714217608945 
  0.0388841123639339 
 -0.2642672339850267 
 -0.0742494664091300 
