t	X	z11	Z	dz11	dZ	
0	2.54587e-18	3.62165e-34	-2.55146e-16	0	0	
0	-1.34137e-18	-3.09352e-06	-3.09352e-06	-0.00618704	-0.00618704	
0.01	1.53498e-18	-1.20897e-05	-1.20897e-05	-0.0118053	-0.0118053	
0.02	5.70889e-18	-2.64448e-05	-2.64448e-05	-0.0169049	-0.0169049	
0.03	1.17352e-17	-4.5663e-05	-4.5663e-05	-0.0215315	-0.0215315	
0.04	1.40447e-17	-6.92919e-05	-6.92919e-05	-0.0257263	-0.0257263	
0.05	1.25643e-17	-9.69186e-05	-9.69186e-05	-0.0295271	-0.0295271	
0.06	1.67106e-17	-0.000128166	-0.000128166	-0.0329679	-0.0329679	
0.07	2.46925e-17	-0.00016269	-0.00016269	-0.0360797	-0.0360797	
0.08	1.24878e-17	-0.000200175	-0.000200175	-0.0388908	-0.0388908	
0.09	2.68369e-17	-0.000240334	-0.000240334	-0.0414267	-0.0414267	
0.1	1.8546e-17	-0.000282903	-0.000282903	-0.0437106	-0.0437106	
0.11	2.83481e-17	-0.00032764	-0.00032764	-0.0457638	-0.0457638	
0.12	1.89743e-17	-0.000374324	-0.000374324	-0.0476053	-0.0476053	
0.13	3.10733e-17	-0.000422753	-0.000422753	-0.0492527	-0.0492527	
0.14	2.05586e-17	-0.00047274	-0.00047274	-0.0507217	-0.0507217	
0.15	2.80868e-17	-0.000524115	-0.000524115	-0.0520268	-0.0520268	
0.16	1.97432e-17	-0.000576719	-0.000576719	-0.0531811	-0.0531811	
0.17	2.9588e-17	-0.000630407	-0.000630407	-0.0541965	-0.0541965	
0.18	1.44813e-17	-0.000685048	-0.000685048	-0.0550838	-0.0550838	
0.19	3.42081e-17	-0.000740516	-0.000740516	-0.0558529	-0.0558529	
0.2	2.1657e-17	-0.000796699	-0.000796699	-0.0565128	-0.0565128	
0.21	2.87661e-17	-0.000853491	-0.000853491	-0.0570715	-0.0570715	
0.22	1.63426e-17	-0.000910795	-0.000910795	-0.0575365	-0.0575365	
0.23	3.05939e-17	-0.00096852	-0.00096852	-0.0579145	-0.0579145	
0.24	1.75059e-17	-0.00102658	-0.00102658	-0.0582118	-0.0582118	
0.25	2.8916e-17	-0.00108491	-0.00108491	-0.0584339	-0.0584339	
0.26	1.87218e-17	-0.00114342	-0.00114342	-0.058586	-0.058586	
0.27	3.58062e-17	-0.00120205	-0.00120205	-0.0586726	-0.0586726	
0.28	1.9753e-17	-0.00126073	-0.00126073	-0.0586981	-0.0586981	
0.29	3.15423e-17	-0.00131941	-0.00131941	-0.0586663	-0.0586663	
0.3	1.83856e-17	-0.00137804	-0.00137804	-0.0585809	-0.0585809	
0.31	2.87805e-17	-0.00143655	-0.00143655	-0.058445	-0.058445	
0.32	2.55439e-17	-0.0014949	-0.0014949	-0.0582615	-0.0582615	
0.33	3.10371e-17	-0.00155305	-0.00155305	-0.0580334	-0.0580334	
0.34	1.89796e-17	-0.00161095	-0.00161095	-0.057763	-0.057763	
0.35	3.41861e-17	-0.00166856	-0.00166856	-0.0574526	-0.0574526	
0.36	1.70394e-17	-0.00172583	-0.00172583	-0.0571043	-0.0571043	
0.37	2.9125e-17	-0.00178275	-0.00178275	-0.0567202	-0.0567202	
0.38	1.81101e-17	-0.00183926	-0.00183926	-0.0563019	-0.0563019	
0.39	2.94599e-17	-0.00189533	-0.00189533	-0.0558512	-0.0558512	
0.4	2.54194e-17	-0.00195095	-0.00195095	-0.0553695	-0.0553695	
0.41	2.7863e-17	-0.00200606	-0.00200606	-0.0548583	-0.0548583	
0.42	2.08786e-17	-0.00206065	-0.00206065	-0.054319	-0.054319	
0.43	2.86819e-17	-0.00211468	-0.00211468	-0.0537526	-0.0537526	
0.44	1.90695e-17	-0.00216814	-0.00216814	-0.0531605	-0.0531605	
0.45	2.85178e-17	-0.00222099	-0.00222099	-0.0525436	-0.0525436	
0.46	1.75347e-17	-0.00227322	-0.00227322	-0.051903	-0.051903	
0.47	3.34558e-17	-0.00232479	-0.00232479	-0.0512396	-0.0512396	
0.48	2.4251e-17	-0.00237568	-0.00237568	-0.0505543	-0.0505543	
0.49	3.33292e-17	-0.00242588	-0.00242588	-0.0498479	-0.0498479	
0.5	2.7835e-17	-0.00247537	-0.00247537	-0.0491213	-0.0491213	
0.51	2.59813e-17	-0.00252412	-0.00252412	-0.0483752	-0.0483752	
0.52	3.76788e-17	-0.00257211	-0.00257211	-0.0476103	-0.0476103	
0.53	1.18935e-17	-0.00261933	-0.00261933	-0.0468273	-0.0468273	
0.54	4.03899e-17	-0.00266576	-0.00266576	-0.0460269	-0.0460269	
0.55	1.44552e-17	-0.00271137	-0.00271137	-0.0452097	-0.0452097	
0.56	4.29853e-17	-0.00275617	-0.00275617	-0.0443763	-0.0443763	
0.57	1.51781e-17	-0.00280012	-0.00280012	-0.0435274	-0.0435274	
0.58	3.46323e-17	-0.00284321	-0.00284321	-0.0426635	-0.0426635	
0.59	2.69096e-17	-0.00288544	-0.00288544	-0.0417852	-0.0417852	
0.6	2.47628e-17	-0.00292678	-0.00292678	-0.0408929	-0.0408929	
0.61	3.26174e-17	-0.00296722	-0.00296722	-0.0399874	-0.0399874	
0.62	2.40006e-17	-0.00300675	-0.00300675	-0.039069	-0.039069	
0.63	3.14319e-17	-0.00304535	-0.00304535	-0.0381384	-0.0381384	
0.64	1.89176e-17	-0.00308302	-0.00308302	-0.0371959	-0.0371959	
0.65	3.29596e-17	-0.00311974	-0.00311974	-0.0362421	-0.0362421	
0.66	2.4837e-17	-0.0031555	-0.0031555	-0.0352776	-0.0352776	
0.67	3.32621e-17	-0.00319029	-0.00319029	-0.0343027	-0.0343027	
0.68	2.08529e-17	-0.0032241	-0.0032241	-0.033318	-0.033318	
0.69	3.17437e-17	-0.00325692	-0.00325692	-0.0323239	-0.0323239	
0.7	2.065e-17	-0.00328874	-0.00328874	-0.0313209	-0.0313209	
0.71	3.00068e-17	-0.00331956	-0.00331956	-0.0303096	-0.0303096	
0.72	2.14417e-17	-0.00334936	-0.00334936	-0.0292902	-0.0292902	
0.73	3.20828e-17	-0.00337813	-0.00337813	-0.0282634	-0.0282634	
0.74	2.40409e-17	-0.00340588	-0.00340588	-0.0272296	-0.0272296	
0.75	3.78584e-17	-0.00343259	-0.00343259	-0.0261892	-0.0261892	
0.76	1.60054e-17	-0.00345825	-0.00345825	-0.0251427	-0.0251427	
0.77	3.98043e-17	-0.00348287	-0.00348287	-0.0240905	-0.0240905	
0.78	1.59635e-17	-0.00350643	-0.00350643	-0.0230332	-0.0230332	
0.79	3.88386e-17	-0.00352893	-0.00352893	-0.0219711	-0.0219711	
0.8	1.70354e-17	-0.00355037	-0.00355037	-0.0209047	-0.0209047	
0.81	3.29618e-17	-0.00357074	-0.00357074	-0.0198345	-0.0198345	
0.82	2.0879e-17	-0.00359004	-0.00359004	-0.0187609	-0.0187609	
0.83	3.7966e-17	-0.00360826	-0.00360826	-0.0176844	-0.0176844	
0.84	1.90511e-17	-0.00362541	-0.00362541	-0.0166054	-0.0166054	
0.85	3.83449e-17	-0.00364147	-0.00364147	-0.0155244	-0.0155244	
0.86	1.42369e-17	-0.00365645	-0.00365645	-0.0144417	-0.0144417	
0.87	3.41073e-17	-0.00367035	-0.00367035	-0.013358	-0.013358	
0.88	2.96414e-17	-0.00368317	-0.00368317	-0.0122736	-0.0122736	
0.89	2.66728e-17	-0.0036949	-0.0036949	-0.0111889	-0.0111889	
0.9	3.38217e-17	-0.00370555	-0.00370555	-0.0101044	-0.0101044	
0.91	2.43332e-17	-0.00371511	-0.00371511	-0.00902062	-0.00902062	
0.92	3.88344e-17	-0.00372359	-0.00372359	-0.00793789	-0.00793789	
0.93	1.88475e-17	-0.00373099	-0.00373099	-0.00685669	-0.00685669	
0.94	3.82742e-17	-0.0037373	-0.0037373	-0.00577747	-0.00577747	
0.95	1.10453e-17	-0.00374254	-0.00374254	-0.00470065	-0.00470065	
0.96	3.7759e-17	-0.00374671	-0.00374671	-0.00362668	-0.00362668	
0.97	1.22125e-17	-0.0037498	-0.0037498	-0.00255599	-0.00255599	
0.98	4.00766e-17	-0.00375182	-0.00375182	-0.00148902	-0.00148902	
0.99	1.94141e-17	-0.00375278	-0.00375278	-0.00042619	-0.00042619	
1	4.03324e-17	-0.00375268	-0.00375268	0.000632061	0.000632061	
1.01	1.31462e-17	-0.00375152	-0.00375152	0.00168531	0.00168531	
1.02	4.20177e-17	-0.00374931	-0.00374931	0.00273313	0.00273313	
1.03	1.41746e-17	-0.00374605	-0.00374605	0.0037751	0.0037751	
1.04	4.19448e-17	-0.00374176	-0.00374176	0.0048108	0.0048108	
1.05	1.41388e-17	-0.00373644	-0.00373644	0.00583982	0.00583982	
1.06	4.13087e-17	-0.00373008	-0.00373008	0.00686173	0.00686173	
1.07	1.34148e-17	-0.00372272	-0.00372272	0.00787613	0.00787613	
1.08	4.40755e-17	-0.00371434	-0.00371434	0.00888262	0.00888262	
1.09	4.06186e-17	-0.00370495	-0.00370495	0.00988078	0.00988078	
1.1	4.00298e-17	-0.00369458	-0.00369458	0.0108702	0.0108702	
1.11	4.21556e-17	-0.00368322	-0.00368322	0.0118505	0.0118505	
1.12	3.99272e-17	-0.00367088	-0.00367088	0.0128213	0.0128213	
1.13	3.30337e-17	-0.00365758	-0.00365758	0.0137822	0.0137822	
1.14	4.21518e-17	-0.00364332	-0.00364332	0.0147328	0.0147328	
1.15	3.11345e-17	-0.00362812	-0.00362812	0.0156728	0.0156728	
1.16	3.94897e-17	-0.00361198	-0.00361198	0.0166017	0.0166017	
1.17	3.39058e-17	-0.00359492	-0.00359492	0.0175191	0.0175191	
1.18	4.43128e-17	-0.00357695	-0.00357695	0.0184248	0.0184248	
1.19	3.08719e-17	-0.00355808	-0.00355808	0.0193183	0.0193183	
1.2	3.34909e-17	-0.00353832	-0.00353832	0.0201994	0.0201994	
1.21	3.20381e-17	-0.00351769	-0.00351769	0.0210675	0.0210675	
1.22	3.61277e-17	-0.00349619	-0.00349619	0.0219225	0.0219225	
1.23	2.04815e-17	-0.00347385	-0.00347385	0.0227639	0.0227639	
1.24	4.22302e-17	-0.00345067	-0.00345067	0.0235914	0.0235914	
1.25	2.05819e-17	-0.00342667	-0.00342667	0.0244047	0.0244047	
1.26	4.61309e-17	-0.00340187	-0.00340187	0.0252034	0.0252034	
1.27	1.84252e-17	-0.00337627	-0.00337627	0.0259873	0.0259873	
1.28	3.81126e-17	-0.0033499	-0.0033499	0.026756	0.026756	
1.29	2.20294e-17	-0.00332277	-0.00332277	0.0275092	0.0275092	
1.3	3.88172e-17	-0.00329489	-0.00329489	0.0282466	0.0282466	
1.31	1.57886e-17	-0.00326628	-0.00326628	0.0289679	0.0289679	
1.32	3.77566e-17	-0.00323696	-0.00323696	0.0296729	0.0296729	
1.33	1.80206e-17	-0.00320695	-0.00320695	0.0303612	0.0303612	
1.34	3.79249e-17	-0.00317625	-0.00317625	0.0310326	0.0310326	
1.35	1.6878e-17	-0.00314489	-0.00314489	0.0316868	0.0316868	
1.36	4.21294e-17	-0.00311289	-0.00311289	0.0323235	0.0323235	
1.37	1.72648e-17	-0.00308025	-0.00308025	0.0329425	0.0329425	
1.38	4.07733e-17	-0.00304701	-0.00304701	0.0335435	0.0335435	
1.39	1.6098e-17	-0.00301317	-0.00301317	0.0341264	0.0341264	
1.4	3.97937e-17	-0.00297877	-0.00297877	0.0346908	0.0346908	
1.41	1.91804e-17	-0.0029438	-0.0029438	0.0352365	0.0352365	
1.42	3.83742e-17	-0.0029083	-0.0029083	0.0357634	0.0357634	
1.43	1.42138e-17	-0.00287229	-0.00287229	0.0362711	0.0362711	
1.44	4.06195e-17	-0.00283577	-0.00283577	0.0367596	0.0367596	
1.45	2.18935e-17	-0.00279878	-0.00279878	0.0372286	0.0372286	
1.46	3.82716e-17	-0.00276132	-0.00276132	0.0376779	0.0376779	
1.47	1.40566e-17	-0.00272343	-0.00272343	0.0381073	0.0381073	
1.48	4.12572e-17	-0.00268512	-0.00268512	0.0385167	0.0385167	
1.49	1.79293e-17	-0.00264641	-0.00264641	0.0389059	0.0389059	
1.5	4.01418e-17	-0.00260732	-0.00260732	0.0392748	0.0392748	
1.51	1.92459e-17	-0.00256787	-0.00256787	0.0396232	0.0396232	
1.52	3.57809e-17	-0.00252808	-0.00252808	0.0399509	0.0399509	
1.53	1.68653e-17	-0.00248798	-0.00248798	0.0402579	0.0402579	
1.54	3.81794e-17	-0.00244758	-0.00244758	0.040544	0.040544	
1.55	1.57471e-17	-0.0024069	-0.0024069	0.040809	0.040809	
1.56	3.68214e-17	-0.00236597	-0.00236597	0.041053	0.041053	
1.57	1.18553e-17	-0.0023248	-0.0023248	0.0412757	0.0412757	
1.58	3.8322e-17	-0.00228343	-0.00228343	0.0414772	0.0414772	
1.59	1.41138e-17	-0.00224186	-0.00224186	0.0416573	0.0416573	
1.6	3.62098e-17	-0.00220012	-0.00220012	0.0418159	0.0418159	
1.61	1.90637e-17	-0.00215824	-0.00215824	0.041953	0.041953	
1.62	4.20892e-17	-0.00211623	-0.00211623	0.0420686	0.0420686	
1.63	2.04091e-17	-0.00207411	-0.00207411	0.0421625	0.0421625	
1.64	3.74389e-17	-0.00203191	-0.00203191	0.0422348	0.0422348	
1.65	2.25282e-17	-0.00198965	-0.00198965	0.0422854	0.0422854	
1.66	3.82109e-17	-0.00194735	-0.00194735	0.0423143	0.0423143	
1.67	2.03236e-17	-0.00190504	-0.00190504	0.0423215	0.0423215	
1.68	4.21086e-17	-0.00186272	-0.00186272	0.0423069	0.0423069	
1.69	1.79592e-17	-0.00182043	-0.00182043	0.0422707	0.0422707	
1.7	4.31484e-17	-0.00177819	-0.00177819	0.0422128	0.0422128	
1.71	2.31498e-17	-0.00173602	-0.00173602	0.0421331	0.0421331	
1.72	3.97433e-17	-0.00169394	-0.00169394	0.0420319	0.0420319	
1.73	1.38129e-17	-0.00165197	-0.00165197	0.041909	0.041909	
1.74	3.67591e-17	-0.00161013	-0.00161013	0.0417646	0.0417646	
1.75	1.72135e-17	-0.00156845	-0.00156845	0.0415988	0.0415988	
1.76	3.8951e-17	-0.00152694	-0.00152694	0.0414114	0.0414114	
1.77	1.84523e-17	-0.00148563	-0.00148563	0.0412028	0.0412028	
1.78	3.63401e-17	-0.00144455	-0.00144455	0.0409728	0.0409728	
1.79	1.61977e-17	-0.0014037	-0.0014037	0.0407217	0.0407217	
1.8	3.8738e-17	-0.00136311	-0.00136311	0.0404495	0.0404495	
1.81	1.62924e-17	-0.00132281	-0.00132281	0.0401564	0.0401564	
1.82	4.23959e-17	-0.00128281	-0.00128281	0.0398423	0.0398423	
1.83	1.55895e-17	-0.00124314	-0.00124314	0.0395076	0.0395076	
1.84	4.85684e-17	-0.00120381	-0.00120381	0.0391523	0.0391523	
1.85	3.47417e-17	-0.00116484	-0.00116484	0.0387765	0.0387765	
1.86	4.35687e-17	-0.00112626	-0.00112626	0.0383805	0.0383805	
1.87	3.16975e-17	-0.00108809	-0.00108809	0.0379642	0.0379642	
1.88	4.19351e-17	-0.00105035	-0.00105035	0.0375281	0.0375281	
1.89	2.93205e-17	-0.00101305	-0.00101305	0.0370721	0.0370721	
1.9	3.82541e-17	-0.000976211	-0.000976211	0.0365965	0.0365965	
1.91	2.71915e-17	-0.000939862	-0.000939862	0.0361015	0.0361015	
1.92	4.54854e-17	-0.000904017	-0.000904017	0.0355872	0.0355872	
1.93	2.24807e-17	-0.000868697	-0.000868697	0.0350539	0.0350539	
1.94	4.61528e-17	-0.000833919	-0.000833919	0.0345019	0.0345019	
1.95	2.12581e-17	-0.000799702	-0.000799702	0.0339312	0.0339312	
1.96	4.29732e-17	-0.000766066	-0.000766066	0.0333422	0.0333422	
1.97	2.339e-17	-0.000733027	-0.000733027	0.032735	0.032735	
1.98	4.27961e-17	-0.000700605	-0.000700605	0.03211	0.03211	
1.99	2.0506e-17	-0.000668816	-0.000668816	0.0314673	0.0314673	
2	4.04842e-17	-0.000637679	-0.000637679	0.0308073	0.0308073	
2.01	1.82724e-17	-0.00060721	-0.00060721	0.0301301	0.0301301	
2.02	3.82732e-17	-0.000577427	-0.000577427	0.0294361	0.0294361	
2.03	1.74316e-17	-0.000548346	-0.000548346	0.0287256	0.0287256	
2.04	3.66469e-17	-0.000519984	-0.000519984	0.0279987	0.0279987	
2.05	1.808e-17	-0.000492357	-0.000492357	0.0272559	0.0272559	
2.06	3.83123e-17	-0.00046548	-0.00046548	0.0264974	0.0264974	
2.07	1.13661e-17	-0.000439369	-0.000439369	0.0257235	0.0257235	
2.08	3.92556e-17	-0.00041404	-0.00041404	0.0249346	0.0249346	
2.09	1.6491e-17	-0.000389508	-0.000389508	0.0241308	0.0241308	
2.1	4.58756e-17	-0.000365786	-0.000365786	0.0233127	0.0233127	
2.11	1.88543e-17	-0.000342889	-0.000342889	0.0224804	0.0224804	
2.12	4.02912e-17	-0.000320832	-0.000320832	0.0216343	0.0216343	
2.13	1.83522e-17	-0.000299628	-0.000299628	0.0207748	0.0207748	
2.14	3.74893e-17	-0.000279289	-0.000279289	0.0199022	0.0199022	
2.15	2.06189e-17	-0.00025983	-0.00025983	0.0190169	0.0190169	
2.16	4.21951e-17	-0.000241262	-0.000241262	0.0181191	0.0181191	
2.17	2.03203e-17	-0.000223597	-0.000223597	0.0172093	0.0172093	
2.18	4.02322e-17	-0.000206849	-0.000206849	0.0162879	0.0162879	
2.19	1.82417e-17	-0.000191027	-0.000191027	0.0153551	0.0153551	
2.2	3.81571e-17	-0.000176144	-0.000176144	0.0144114	0.0144114	
2.21	1.28863e-17	-0.00016221	-0.00016221	0.0134572	0.0134572	
2.22	3.69709e-17	-0.000149235	-0.000149235	0.0124928	0.0124928	
2.23	1.73675e-17	-0.000137229	-0.000137229	0.0115186	0.0115186	
2.24	3.83714e-17	-0.000126202	-0.000126202	0.010535	0.010535	
2.25	1.52587e-17	-0.000116163	-0.000116163	0.00954243	0.00954243	
2.26	3.81753e-17	-0.000107122	-0.000107122	0.00854124	0.00854124	
2.27	1.7998e-17	-9.90851e-05	-9.90851e-05	0.00753184	0.00753184	
2.28	3.83365e-17	-9.20618e-05	-9.20618e-05	0.00651465	0.00651465	
2.29	2.20693e-17	-8.60595e-05	-8.60595e-05	0.00549006	0.00549006	
2.3	4.03267e-17	-8.10852e-05	-8.10852e-05	0.00445848	0.00445848	
2.31	1.85073e-17	-7.71458e-05	-7.71458e-05	0.00342034	0.00342034	
2.32	3.80734e-17	-7.42476e-05	-7.42476e-05	0.00237604	0.00237604	
2.33	2.01878e-17	-7.23966e-05	-7.23966e-05	0.001326	0.001326	
2.34	3.84888e-17	-7.15983e-05	-7.15983e-05	0.000270641	0.000270641	
2.35	1.90407e-17	-7.18577e-05	-7.18577e-05	-0.000789613	-0.000789613	
2.36	3.85215e-17	-7.31797e-05	-7.31797e-05	-0.00185434	-0.00185434	
2.37	1.73188e-17	-7.55684e-05	-7.55684e-05	-0.00292311	-0.00292311	
2.38	3.92768e-17	-7.90277e-05	-7.90277e-05	-0.0039955	-0.0039955	
2.39	1.84712e-17	-8.3561e-05	-8.3561e-05	-0.00507108	-0.00507108	
2.4	4.02147e-17	-8.91713e-05	-8.91713e-05	-0.00614942	-0.00614942	
2.41	1.85314e-17	-9.5861e-05	-9.5861e-05	-0.00723009	-0.00723009	
2.42	4.06953e-17	-0.000103632	-0.000103632	-0.00831265	-0.00831265	
2.43	1.95842e-17	-0.000112487	-0.000112487	-0.00939668	-0.00939668	
2.44	3.83623e-17	-0.000122426	-0.000122426	-0.0104817	-0.0104817	
2.45	1.85714e-17	-0.000133451	-0.000133451	-0.0115674	-0.0115674	
2.46	4.13174e-17	-0.000145561	-0.000145561	-0.0126532	-0.0126532	
2.47	1.63522e-17	-0.000158757	-0.000158757	-0.0137387	-0.0137387	
2.48	3.89966e-17	-0.000173038	-0.000173038	-0.0148236	-0.0148236	
2.49	1.67759e-17	-0.000188404	-0.000188404	-0.0159073	-0.0159073	
2.5	4.22025e-17	-0.000204852	-0.000204852	-0.0169894	-0.0169894	
2.51	1.66395e-17	-0.000222381	-0.000222381	-0.0180695	-0.0180695	
2.52	4.43752e-17	-0.00024099	-0.00024099	-0.0191471	-0.0191471	
2.53	1.77914e-17	-0.000260674	-0.000260674	-0.0202219	-0.0202219	
2.54	3.75997e-17	-0.000281432	-0.000281432	-0.0212934	-0.0212934	
2.55	1.86904e-17	-0.000303259	-0.000303259	-0.0223612	-0.0223612	
2.56	3.76998e-17	-0.000326152	-0.000326152	-0.0234248	-0.0234248	
2.57	1.77245e-17	-0.000350107	-0.000350107	-0.0244838	-0.0244838	
2.58	3.74856e-17	-0.000375117	-0.000375117	-0.0255379	-0.0255379	
2.59	1.54967e-17	-0.00040118	-0.00040118	-0.0265865	-0.0265865	
2.6	3.75875e-17	-0.000428287	-0.000428287	-0.0276292	-0.0276292	
2.61	1.55602e-17	-0.000456435	-0.000456435	-0.0286657	-0.0286657	
2.62	3.70088e-17	-0.000485615	-0.000485615	-0.0296955	-0.0296955	
2.63	1.49982e-17	-0.000515822	-0.000515822	-0.0307182	-0.0307182	
2.64	3.783e-17	-0.000547048	-0.000547048	-0.0317334	-0.0317334	
2.65	1.78726e-17	-0.000579285	-0.000579285	-0.0327407	-0.0327407	
2.66	3.71728e-17	-0.000612525	-0.000612525	-0.0337398	-0.0337398	
2.67	1.70115e-17	-0.00064676	-0.00064676	-0.03473	-0.03473	
2.68	3.65758e-17	-0.000681981	-0.000681981	-0.0357112	-0.0357112	
2.69	1.72093e-17	-0.000718178	-0.000718178	-0.0366829	-0.0366829	
2.7	4.0345e-17	-0.000755342	-0.000755342	-0.0376448	-0.0376448	
2.71	1.64677e-17	-0.000793462	-0.000793462	-0.0385963	-0.0385963	
2.72	4.12398e-17	-0.000832529	-0.000832529	-0.0395372	-0.0395372	
2.73	1.98054e-17	-0.000872531	-0.000872531	-0.0404671	-0.0404671	
2.74	3.58215e-17	-0.000913458	-0.000913458	-0.0413855	-0.0413855	
2.75	1.75948e-17	-0.000955296	-0.000955296	-0.0422922	-0.0422922	
2.76	3.86567e-17	-0.000998036	-0.000998036	-0.0431868	-0.0431868	
2.77	1.84861e-17	-0.00104166	-0.00104166	-0.0440689	-0.0440689	
2.78	3.97178e-17	-0.00108617	-0.00108617	-0.0449381	-0.0449381	
2.79	1.94385e-17	-0.00113153	-0.00113153	-0.0457942	-0.0457942	
2.8	4.22716e-17	-0.00117775	-0.00117775	-0.0466367	-0.0466367	
2.81	2.05351e-17	-0.0012248	-0.0012248	-0.0474654	-0.0474654	
2.82	3.68045e-17	-0.00127267	-0.00127267	-0.0482799	-0.0482799	
2.83	2.15271e-17	-0.00132135	-0.00132135	-0.0490798	-0.0490798	
2.84	4.1444e-17	-0.00137082	-0.00137082	-0.0498649	-0.0498649	
2.85	1.77375e-17	-0.00142107	-0.00142107	-0.0506348	-0.0506348	
2.86	3.7413e-17	-0.00147209	-0.00147209	-0.0513893	-0.0513893	
2.87	2.06487e-17	-0.00152385	-0.00152385	-0.052128	-0.052128	
2.88	4.05352e-17	-0.00157633	-0.00157633	-0.0528507	-0.0528507	
2.89	1.67622e-17	-0.00162954	-0.00162954	-0.053557	-0.053557	
2.9	4.20328e-17	-0.00168344	-0.00168344	-0.0542466	-0.0542466	
2.91	2.02472e-17	-0.00173802	-0.00173802	-0.0549194	-0.0549194	
2.92	3.7151e-17	-0.00179327	-0.00179327	-0.055575	-0.055575	
2.93	2.03175e-17	-0.00184916	-0.00184916	-0.0562131	-0.0562131	
2.94	3.66636e-17	-0.00190569	-0.00190569	-0.0568335	-0.0568335	
2.95	1.83557e-17	-0.00196282	-0.00196282	-0.057436	-0.057436	
2.96	3.83656e-17	-0.00202055	-0.00202055	-0.0580203	-0.0580203	
2.97	2.05219e-17	-0.00207885	-0.00207885	-0.0585862	-0.0585862	
2.98	3.67697e-17	-0.00213771	-0.00213771	-0.0591334	-0.0591334	
2.99	1.35775e-17	-0.00219711	-0.00219711	-0.0596618	-0.0596618	
3	3.94538e-17	-0.00225703	-0.00225703	-0.0601711	-0.0601711	
3.01	2.16248e-17	-0.00231744	-0.00231744	-0.0606611	-0.0606611	
3.02	4.06862e-17	-0.00237834	-0.00237834	-0.0611317	-0.0611317	
3.03	1.90711e-17	-0.0024397	-0.0024397	-0.0615826	-0.0615826	
3.04	4.19365e-17	-0.0025015	-0.0025015	-0.0620136	-0.0620136	
3.05	1.7689e-17	-0.00256371	-0.00256371	-0.0624246	-0.0624246	
3.06	3.59514e-17	-0.00262633	-0.00262633	-0.0628154	-0.0628154	
3.07	1.69883e-17	-0.00268934	-0.00268934	-0.0631859	-0.0631859	
3.08	4.31238e-17	-0.0027527	-0.0027527	-0.063536	-0.063536	
3.09	2.17166e-17	-0.0028164	-0.0028164	-0.0638653	-0.0638653	
3.1	3.95869e-17	-0.00288042	-0.00288042	-0.064174	-0.064174	
3.11	1.88443e-17	-0.00294473	-0.00294473	-0.0644617	-0.0644617	
3.12	3.84986e-17	-0.00300933	-0.00300933	-0.0647285	-0.0647285	
3.13	1.59712e-17	-0.00307418	-0.00307418	-0.0649741	-0.0649741	
3.14	3.85153e-17	-0.00313927	-0.00313927	-0.0651986	-0.0651986	
3.15	1.7512e-17	-0.00320457	-0.00320457	-0.0654017	-0.0654017	
3.16	3.52214e-17	-0.00327006	-0.00327006	-0.0655835	-0.0655835	
3.17	1.59622e-17	-0.00333572	-0.00333572	-0.0657438	-0.0657438	
3.18	3.86842e-17	-0.00340154	-0.00340154	-0.0658827	-0.0658827	
3.19	1.76681e-17	-0.00346748	-0.00346748	-0.0659999	-0.0659999	
3.2	3.2606e-17	-0.00353353	-0.00353353	-0.0660956	-0.0660956	
3.21	2.47672e-17	-0.00359966	-0.00359966	-0.0661696	-0.0661696	
3.22	3.59381e-17	-0.00366585	-0.00366585	-0.0662219	-0.0662219	
3.23	1.68616e-17	-0.00373209	-0.00373209	-0.0662526	-0.0662526	
3.24	3.80109e-17	-0.00379835	-0.00379835	-0.0662615	-0.0662615	
3.25	1.92177e-17	-0.0038646	-0.0038646	-0.0662487	-0.0662487	
3.26	3.93095e-17	-0.00393084	-0.00393084	-0.0662142	-0.0662142	
3.27	1.62341e-17	-0.00399702	-0.00399702	-0.066158	-0.066158	
3.28	3.85144e-17	-0.00406314	-0.00406314	-0.0660801	-0.0660801	
3.29	1.46243e-17	-0.00412917	-0.00412917	-0.0659805	-0.0659805	
3.3	3.86769e-17	-0.00419509	-0.00419509	-0.0658594	-0.0658594	
3.31	1.85295e-17	-0.00426088	-0.00426088	-0.0657167	-0.0657167	
3.32	3.98044e-17	-0.00432651	-0.00432651	-0.0655525	-0.0655525	
3.33	1.85216e-17	-0.00439197	-0.00439197	-0.0653669	-0.0653669	
3.34	3.78552e-17	-0.00445724	-0.00445724	-0.06516	-0.06516	
3.35	1.75904e-17	-0.00452228	-0.00452228	-0.0649317	-0.0649317	
3.36	3.88052e-17	-0.00458709	-0.00458709	-0.0646823	-0.0646823	
3.37	1.58998e-17	-0.00465164	-0.00465164	-0.0644118	-0.0644118	
3.38	3.77547e-17	-0.0047159	-0.0047159	-0.0641203	-0.0641203	
3.39	2.25896e-17	-0.00477987	-0.00477987	-0.0638079	-0.0638079	
3.4	4.14328e-17	-0.00484351	-0.00484351	-0.0634748	-0.0634748	
3.41	2.27086e-17	-0.00490681	-0.00490681	-0.0631211	-0.0631211	
3.42	4.24124e-17	-0.00496974	-0.00496974	-0.062747	-0.062747	
3.43	1.55712e-17	-0.00503229	-0.00503229	-0.0623525	-0.0623525	
3.44	4.04176e-17	-0.00509443	-0.00509443	-0.0619379	-0.0619379	
3.45	1.67094e-17	-0.00515616	-0.00515616	-0.0615033	-0.0615033	
3.46	3.51298e-17	-0.00521743	-0.00521743	-0.0610489	-0.0610489	
3.47	1.82621e-17	-0.00527824	-0.00527824	-0.0605749	-0.0605749	
3.48	3.70355e-17	-0.00533857	-0.00533857	-0.0600814	-0.0600814	
3.49	1.72459e-17	-0.0053984	-0.0053984	-0.0595687	-0.0595687	
3.5	3.98293e-17	-0.0054577	-0.0054577	-0.0590369	-0.0590369	
3.51	1.90556e-17	-0.00551646	-0.00551646	-0.0584863	-0.0584863	
3.52	3.87934e-17	-0.00557466	-0.00557466	-0.0579171	-0.0579171	
3.53	1.79609e-17	-0.00563229	-0.00563229	-0.0573295	-0.0573295	
3.54	3.70655e-17	-0.00568931	-0.00568931	-0.0567238	-0.0567238	
3.55	1.6891e-17	-0.00574572	-0.00574572	-0.0561002	-0.0561002	
3.56	3.73966e-17	-0.0058015	-0.0058015	-0.0554589	-0.0554589	
3.57	1.71595e-17	-0.00585663	-0.00585663	-0.0548002	-0.0548002	
3.58	3.76656e-17	-0.0059111	-0.0059111	-0.0541245	-0.0541245	
3.59	1.74333e-17	-0.00596487	-0.00596487	-0.0534318	-0.0534318	
3.6	3.91594e-17	-0.00601795	-0.00601795	-0.0527225	-0.0527225	
3.61	1.86105e-17	-0.00607031	-0.00607031	-0.051997	-0.051997	
3.62	3.75496e-17	-0.00612194	-0.00612194	-0.0512555	-0.0512555	
3.63	1.75426e-17	-0.00617281	-0.00617281	-0.0504982	-0.0504982	
3.64	3.73321e-17	-0.00622293	-0.00622293	-0.0497255	-0.0497255	
3.65	1.91244e-17	-0.00627226	-0.00627226	-0.0489377	-0.0489377	
3.66	3.67647e-17	-0.00632079	-0.00632079	-0.0481352	-0.0481352	
3.67	1.75268e-17	-0.00636852	-0.00636852	-0.0473181	-0.0473181	
3.68	3.73679e-17	-0.00641542	-0.00641542	-0.046487	-0.046487	
3.69	9.38962e-18	-0.00646149	-0.00646149	-0.045642	-0.045642	
3.7	3.87916e-17	-0.0065067	-0.0065067	-0.0447835	-0.0447835	
3.71	1.78728e-17	-0.00655105	-0.00655105	-0.043912	-0.043912	
3.72	3.71775e-17	-0.00659452	-0.00659452	-0.0430276	-0.0430276	
3.73	1.86092e-17	-0.0066371	-0.0066371	-0.0421308	-0.0421308	
3.74	3.88512e-17	-0.00667877	-0.00667877	-0.041222	-0.041222	
3.75	1.19238e-17	-0.00671954	-0.00671954	-0.0403015	-0.0403015	
3.76	3.57971e-17	-0.00675937	-0.00675937	-0.0393696	-0.0393696	
3.77	1.43713e-17	-0.00679827	-0.00679827	-0.0384268	-0.0384268	
3.78	3.91438e-17	-0.00683622	-0.00683622	-0.0374734	-0.0374734	
3.79	1.24277e-17	-0.00687321	-0.00687321	-0.0365098	-0.0365098	
3.8	3.62742e-17	-0.00690923	-0.00690923	-0.0355363	-0.0355363	
3.81	1.74359e-17	-0.00694428	-0.00694428	-0.0345535	-0.0345535	
3.82	3.64318e-17	-0.00697834	-0.00697834	-0.0335616	-0.0335616	
3.83	1.35611e-17	-0.0070114	-0.0070114	-0.0325611	-0.0325611	
3.84	4.05021e-17	-0.00704345	-0.00704345	-0.0315523	-0.0315523	
3.85	1.86722e-17	-0.0070745	-0.0070745	-0.0305357	-0.0305357	
3.86	3.96845e-17	-0.00710452	-0.00710452	-0.0295117	-0.0295117	
3.87	1.66818e-17	-0.00713352	-0.00713352	-0.0284807	-0.0284807	
3.88	3.97564e-17	-0.00716148	-0.00716148	-0.027443	-0.027443	
3.89	1.95279e-17	-0.0071884	-0.0071884	-0.0263992	-0.0263992	
3.9	3.65666e-17	-0.00721428	-0.00721428	-0.0253496	-0.0253496	
3.91	1.65548e-17	-0.0072391	-0.0072391	-0.0242947	-0.0242947	
3.92	3.57816e-17	-0.00726286	-0.00726286	-0.0232348	-0.0232348	
3.93	1.85281e-17	-0.00728557	-0.00728557	-0.0221704	-0.0221704	
3.94	3.71585e-17	-0.0073072	-0.0073072	-0.0211019	-0.0211019	
3.95	1.77592e-17	-0.00732777	-0.00732777	-0.0200298	-0.0200298	
3.96	3.84503e-17	-0.00734726	-0.00734726	-0.0189545	-0.0189545	
3.97	1.82186e-17	-0.00736567	-0.00736567	-0.0178763	-0.0178763	
3.98	3.94138e-17	-0.00738301	-0.00738301	-0.0167958	-0.0167958	
3.99	1.61481e-17	-0.00739927	-0.00739927	-0.0157134	-0.0157134	
4	4.10934e-17	-0.00741444	-0.00741444	-0.0146295	-0.0146295	
4.01	1.6409e-17	-0.00742852	-0.00742852	-0.0135445	-0.0135445	
4.02	3.83622e-17	-0.00744153	-0.00744153	-0.0124589	-0.0124589	
4.03	1.90294e-17	-0.00745344	-0.00745344	-0.0113731	-0.0113731	
4.04	4.31222e-17	-0.00746427	-0.00746427	-0.0102875	-0.0102875	
4.05	1.91082e-17	-0.00747402	-0.00747402	-0.00920259	-0.00920259	
4.06	4.19467e-17	-0.00748268	-0.00748268	-0.00811879	-0.00811879	
4.07	1.71906e-17	-0.00749026	-0.00749026	-0.00703653	-0.00703653	
4.08	3.92035e-17	-0.00749675	-0.00749675	-0.00595625	-0.00595625	
4.09	1.81802e-17	-0.00750217	-0.00750217	-0.00487837	-0.00487837	
4.1	3.73133e-17	-0.00750651	-0.00750651	-0.00380333	-0.00380333	
4.11	1.90604e-17	-0.00750978	-0.00750978	-0.00273156	-0.00273156	
4.12	4.13088e-17	-0.00751197	-0.00751197	-0.00166348	-0.00166348	
4.13	1.94441e-17	-0.00751311	-0.00751311	-0.000599524	-0.000599524	
4.14	3.83323e-17	-0.00751318	-0.00751318	0.000459884	0.000459884	
4.15	1.76464e-17	-0.00751219	-0.00751219	0.00151432	0.00151432	
4.16	3.97213e-17	-0.00751015	-0.00751015	0.00256336	0.00256336	
4.17	1.96949e-17	-0.00750707	-0.00750707	0.00360659	0.00360659	
4.18	3.95764e-17	-0.00750294	-0.00750294	0.00464359	0.00464359	
4.19	1.85193e-17	-0.00749778	-0.00749778	0.00567395	0.00567395	
4.2	3.8522e-17	-0.0074916	-0.0074916	0.00669725	0.00669725	
4.21	1.48304e-17	-0.00748439	-0.00748439	0.00771308	0.00771308	
4.22	4.03108e-17	-0.00747617	-0.00747617	0.00872103	0.00872103	
4.23	1.86454e-17	-0.00746695	-0.00746695	0.00972071	0.00972071	
4.24	4.02909e-17	-0.00745674	-0.00745674	0.0107117	0.0107117	
4.25	1.86235e-17	-0.00744553	-0.00744553	0.0116937	0.0116937	
4.26	3.85038e-17	-0.00743335	-0.00743335	0.0126661	0.0126661	
4.27	1.74727e-17	-0.00742021	-0.00742021	0.0136287	0.0136287	
4.28	3.36366e-17	-0.0074061	-0.0074061	0.0145811	0.0145811	
4.29	2.57508e-17	-0.00739105	-0.00739105	0.0155229	0.0155229	
4.3	3.74573e-17	-0.00737506	-0.00737506	0.0164536	0.0164536	
4.31	8.23032e-18	-0.00735815	-0.00735815	0.017373	0.017373	
4.32	4.26239e-17	-0.00734032	-0.00734032	0.0182807	0.0182807	
4.33	3.86863e-17	-0.00732159	-0.00732159	0.0191762	0.0191762	
4.34	3.15163e-17	-0.00730197	-0.00730197	0.0200593	0.0200593	
4.35	4.44268e-17	-0.00728148	-0.00728148	0.0209296	0.0209296	
4.36	3.09981e-17	-0.00726012	-0.00726012	0.0217867	0.0217867	
4.37	4.16265e-17	-0.00723791	-0.00723791	0.0226303	0.0226303	
4.38	3.06364e-17	-0.00721487	-0.00721487	0.0234601	0.0234601	
4.39	3.25241e-17	-0.007191	-0.007191	0.0242757	0.0242757	
4.4	3.70442e-17	-0.00716632	-0.00716632	0.0250768	0.0250768	
4.41	2.74513e-17	-0.00714085	-0.00714085	0.0258631	0.0258631	
4.42	4.57489e-17	-0.00711461	-0.00711461	0.0266343	0.0266343	
4.43	2.27442e-17	-0.00708759	-0.00708759	0.02739	0.02739	
4.44	4.02053e-17	-0.00705983	-0.00705983	0.02813	0.02813	
4.45	2.43154e-17	-0.00703134	-0.00703134	0.0288539	0.0288539	
4.46	4.48639e-17	-0.00700213	-0.00700213	0.0295615	0.0295615	
4.47	2.21259e-17	-0.00697223	-0.00697223	0.0302525	0.0302525	
4.48	4.18453e-17	-0.00694164	-0.00694164	0.0309267	0.0309267	
4.49	1.99631e-17	-0.00691038	-0.00691038	0.0315836	0.0315836	
4.5	3.9681e-17	-0.00687848	-0.00687848	0.0322231	0.0322231	
4.51	1.30179e-17	-0.00684594	-0.00684594	0.032845	0.032845	
4.52	3.99448e-17	-0.0068128	-0.0068128	0.0334489	0.0334489	
4.53	1.8831e-17	-0.00677906	-0.00677906	0.0340347	0.0340347	
4.54	3.86187e-17	-0.00674474	-0.00674474	0.034602	0.034602	
4.55	1.18466e-17	-0.00670986	-0.00670986	0.0351508	0.0351508	
4.56	3.67093e-17	-0.00667445	-0.00667445	0.0356806	0.0356806	
4.57	1.79067e-17	-0.00663851	-0.00663851	0.0361915	0.0361915	
4.58	3.78715e-17	-0.00660207	-0.00660207	0.036683	0.036683	
4.59	1.46721e-17	-0.00656515	-0.00656515	0.0371551	0.0371551	
4.6	3.12563e-17	-0.00652777	-0.00652777	0.0376076	0.0376076	
4.61	2.14396e-17	-0.00648995	-0.00648995	0.0380402	0.0380402	
4.62	3.57557e-17	-0.0064517	-0.0064517	0.0384528	0.0384528	
4.63	1.82e-17	-0.00641305	-0.00641305	0.0388453	0.0388453	
4.64	3.043e-17	-0.00637402	-0.00637402	0.0392174	0.0392174	
4.65	2.19173e-17	-0.00633463	-0.00633463	0.039569	0.039569	
4.66	3.97609e-17	-0.00629489	-0.00629489	0.0399001	0.0399001	
4.67	2.005e-17	-0.00625484	-0.00625484	0.0402104	0.0402104	
4.68	3.94733e-17	-0.00621448	-0.00621448	0.0404998	0.0404998	
4.69	1.84646e-17	-0.00617385	-0.00617385	0.0407682	0.0407682	
4.7	3.94257e-17	-0.00613296	-0.00613296	0.0410155	0.0410155	
4.71	1.60686e-17	-0.00609183	-0.00609183	0.0412417	0.0412417	
4.72	3.58947e-17	-0.00605048	-0.00605048	0.0414465	0.0414465	
4.73	1.72781e-17	-0.00600895	-0.00600895	0.04163	0.04163	
4.74	3.59504e-17	-0.00596723	-0.00596723	0.0417921	0.0417921	
4.75	1.40748e-17	-0.00592537	-0.00592537	0.0419326	0.0419326	
4.76	3.52806e-17	-0.00588338	-0.00588338	0.0420516	0.0420516	
4.77	1.83517e-17	-0.00584128	-0.00584128	0.042149	0.042149	
4.78	3.79263e-17	-0.00579909	-0.00579909	0.0422247	0.0422247	
4.79	1.79609e-17	-0.00575684	-0.00575684	0.0422788	0.0422788	
4.8	4.04733e-17	-0.00571455	-0.00571455	0.0423111	0.0423111	
4.81	1.34169e-17	-0.00567223	-0.00567223	0.0423218	0.0423218	
4.82	3.91121e-17	-0.00562991	-0.00562991	0.0423107	0.0423107	
4.83	1.54619e-17	-0.00558762	-0.00558762	0.0422779	0.0422779	
4.84	4.30882e-17	-0.00554537	-0.00554537	0.0422234	0.0422234	
4.85	1.8558e-17	-0.00550318	-0.00550318	0.0421473	0.0421473	
4.86	4.05015e-17	-0.00546109	-0.00546109	0.0420495	0.0420495	
4.87	1.59236e-17	-0.0054191	-0.0054191	0.0419301	0.0419301	
4.88	3.83801e-17	-0.00537724	-0.00537724	0.0417891	0.0417891	
4.89	1.56637e-17	-0.00533553	-0.00533553	0.0416266	0.0416266	
4.9	4.16141e-17	-0.00529399	-0.00529399	0.0414427	0.0414427	
4.91	1.68214e-17	-0.00525265	-0.00525265	0.0412374	0.0412374	
4.92	4.06314e-17	-0.00521153	-0.00521153	0.0410109	0.0410109	
4.93	1.89687e-17	-0.00517064	-0.00517064	0.0407631	0.0407631	
4.94	3.72265e-17	-0.00513001	-0.00513001	0.0404943	0.0404943	
4.95	1.77173e-17	-0.00508966	-0.00508966	0.0402044	0.0402044	
4.96	3.78254e-17	-0.00504962	-0.00504962	0.0398937	0.0398937	
4.97	1.66876e-17	-0.00500989	-0.00500989	0.0395623	0.0395623	
4.98	3.79176e-17	-0.0049705	-0.0049705	0.0392103	0.0392103	
4.99	1.37251e-17	-0.00493148	-0.00493148	0.0388377	0.0388377	
5	4.15877e-17	-0.00489284	-0.00489284	0.0384449	0.0384449	
5.01	2.00836e-17	-0.0048546	-0.0048546	0.0380319	0.0380319	
5.02	3.38547e-17	-0.00481678	-0.00481678	0.0375989	0.0375989	
5.03	2.92123e-17	-0.00477941	-0.00477941	0.037146	0.037146	
5.04	2.92243e-17	-0.0047425	-0.0047425	0.0366735	0.0366735	
5.05	2.88634e-17	-0.00470607	-0.00470607	0.0361816	0.0361816	
5.06	2.71388e-17	-0.00467015	-0.00467015	0.0356704	0.0356704	
5.07	3.18232e-17	-0.00463474	-0.00463474	0.0351401	0.0351401	
5.08	1.89071e-17	-0.00459988	-0.00459988	0.034591	0.034591	
5.09	3.43245e-17	-0.00456557	-0.00456557	0.0340233	0.0340233	
5.1	2.65079e-17	-0.00453184	-0.00453184	0.0334372	0.0334372	
5.11	2.83578e-17	-0.0044987	-0.0044987	0.0328329	0.0328329	
5.12	2.3136e-17	-0.00446618	-0.00446618	0.0322107	0.0322107	
5.13	3.43227e-17	-0.00443429	-0.00443429	0.0315708	0.0315708	
5.14	2.51307e-17	-0.00440305	-0.00440305	0.0309135	0.0309135	
5.15	3.34844e-17	-0.00437247	-0.00437247	0.0302391	0.0302391	
5.16	1.61023e-17	-0.00434258	-0.00434258	0.0295478	0.0295478	
5.17	3.2396e-17	-0.00431338	-0.00431338	0.0288398	0.0288398	
5.18	1.72211e-17	-0.00428491	-0.00428491	0.0281156	0.0281156	
5.19	3.26646e-17	-0.00425716	-0.00425716	0.0273753	0.0273753	
5.2	1.8291e-17	-0.00423016	-0.00423016	0.0266193	0.0266193	
5.21	3.05137e-17	-0.00420393	-0.00420393	0.0258478	0.0258478	
5.22	2.22135e-17	-0.00417848	-0.00417848	0.0250612	0.0250612	
5.23	3.34552e-17	-0.00415382	-0.00415382	0.0242598	0.0242598	
5.24	2.24646e-17	-0.00412996	-0.00412996	0.0234439	0.0234439	
5.25	3.9238e-17	-0.00410693	-0.00410693	0.0226139	0.0226139	
5.26	1.38828e-17	-0.00408474	-0.00408474	0.02177	0.02177	
5.27	3.65775e-17	-0.0040634	-0.0040634	0.0209126	0.0209126	
5.28	2.25177e-17	-0.00404292	-0.00404292	0.020042	0.020042	
5.29	3.78739e-17	-0.00402332	-0.00402332	0.0191587	0.0191587	
5.3	1.97081e-17	-0.00400461	-0.00400461	0.0182629	0.0182629	
5.31	3.41671e-17	-0.0039868	-0.0039868	0.017355	0.017355	
5.32	2.44723e-17	-0.00396991	-0.00396991	0.0164354	0.0164354	
5.33	3.25509e-17	-0.00395394	-0.00395394	0.0155044	0.0155044	
5.34	2.42906e-17	-0.00393891	-0.00393891	0.0145625	0.0145625	
5.35	3.57413e-17	-0.00392482	-0.00392482	0.0136099	0.0136099	
5.36	1.65862e-17	-0.00391169	-0.00391169	0.0126471	0.0126471	
5.37	3.4774e-17	-0.00389953	-0.00389953	0.0116744	0.0116744	
5.38	2.10366e-17	-0.00388835	-0.00388835	0.0106923	0.0106923	
5.39	3.81055e-17	-0.00387815	-0.00387815	0.0097011	0.0097011	
5.4	1.84695e-17	-0.00386895	-0.00386895	0.00870126	0.00870126	
5.41	3.19399e-17	-0.00386075	-0.00386075	0.00769314	0.00769314	
5.42	2.40266e-17	-0.00385357	-0.00385357	0.00667716	0.00667716	
5.43	3.53021e-17	-0.0038474	-0.0038474	0.00565372	0.00565372	
5.44	1.16147e-17	-0.00384226	-0.00384226	0.00462323	0.00462323	
5.45	3.71685e-17	-0.00383816	-0.00383816	0.0035861	0.0035861	
5.46	1.58179e-17	-0.00383509	-0.00383509	0.00254275	0.00254275	
5.47	3.76369e-17	-0.00383308	-0.00383308	0.0014936	0.0014936	
5.48	8.89699e-18	-0.00383211	-0.00383211	0.000439061	0.000439061	
5.49	3.4703e-17	-0.0038322	-0.0038322	-0.000620441	-0.000620441	
5.5	2.56137e-17	-0.00383335	-0.00383335	-0.00168448	-0.00168448	
5.51	3.59946e-17	-0.00383557	-0.00383557	-0.00275264	-0.00275264	
5.52	9.34606e-18	-0.00383886	-0.00383886	-0.00382448	-0.00382448	
5.53	3.57103e-17	-0.00384322	-0.00384322	-0.00489958	-0.00489958	
5.54	2.22514e-17	-0.00384866	-0.00384866	-0.00597751	-0.00597751	
5.55	4.2214e-17	-0.00385518	-0.00385518	-0.00705784	-0.00705784	
5.56	2.0478e-17	-0.00386278	-0.00386278	-0.00814013	-0.00814013	
5.57	4.02753e-17	-0.00387146	-0.00387146	-0.00922395	-0.00922395	
5.58	1.81489e-17	-0.00388122	-0.00388122	-0.0103089	-0.0103089	
5.59	3.75972e-17	-0.00389208	-0.00389208	-0.0113945	-0.0113945	
5.6	1.03816e-17	-0.00390401	-0.00390401	-0.0124803	-0.0124803	
5.61	3.42509e-17	-0.00391704	-0.00391704	-0.0135659	-0.0135659	
5.62	2.17019e-17	-0.00393115	-0.00393115	-0.0146509	-0.0146509	
5.63	3.1264e-17	-0.00394634	-0.00394634	-0.0157348	-0.0157348	
5.64	2.62882e-17	-0.00396261	-0.00396261	-0.0168171	-0.0168171	
5.65	3.62055e-17	-0.00397997	-0.00397997	-0.0178976	-0.0178976	
5.66	1.1277e-17	-0.00399841	-0.00399841	-0.0189757	-0.0189757	
5.67	3.82613e-17	-0.00401792	-0.00401792	-0.020051	-0.020051	
5.68	1.53428e-17	-0.00403851	-0.00403851	-0.021123	-0.021123	
5.69	4.22082e-17	-0.00406017	-0.00406017	-0.0221914	-0.0221914	
5.7	1.45882e-17	-0.00408289	-0.00408289	-0.0232557	-0.0232557	
5.71	3.42774e-17	-0.00410667	-0.00410667	-0.0243155	-0.0243155	
5.72	2.41536e-17	-0.00413152	-0.00413152	-0.0253703	-0.0253703	
5.73	3.91921e-17	-0.00415741	-0.00415741	-0.0264198	-0.0264198	
5.74	1.4732e-17	-0.00418435	-0.00418435	-0.0274635	-0.0274635	
5.75	3.52419e-17	-0.00421234	-0.00421234	-0.028501	-0.028501	
5.76	1.96126e-17	-0.00424135	-0.00424135	-0.0295319	-0.0295319	
5.77	3.53869e-17	-0.0042714	-0.0042714	-0.0305558	-0.0305558	
5.78	1.98294e-17	-0.00430246	-0.00430246	-0.0315723	-0.0315723	
5.79	3.37536e-17	-0.00433454	-0.00433454	-0.0325809	-0.0325809	
5.8	2.723e-17	-0.00436762	-0.00436762	-0.0335812	-0.0335812	
5.81	3.48767e-17	-0.0044017	-0.0044017	-0.0345729	-0.0345729	
5.82	2.5405e-17	-0.00443676	-0.00443676	-0.0355556	-0.0355556	
5.83	3.24586e-17	-0.0044728	-0.0044728	-0.0365288	-0.0365288	
5.84	2.72398e-17	-0.00450981	-0.00450981	-0.0374922	-0.0374922	
5.85	2.69973e-17	-0.00454778	-0.00454778	-0.0384455	-0.0384455	
5.86	3.46713e-17	-0.0045867	-0.0045867	-0.0393881	-0.0393881	
5.87	2.6925e-17	-0.00462655	-0.00462655	-0.0403197	-0.0403197	
5.88	3.59335e-17	-0.00466733	-0.00466733	-0.04124	-0.04124	
5.89	1.24132e-17	-0.00470903	-0.00470903	-0.0421486	-0.0421486	
5.9	3.31714e-17	-0.00475162	-0.00475162	-0.0430452	-0.0430452	
5.91	2.35586e-17	-0.00479511	-0.00479511	-0.0439292	-0.0439292	
5.92	3.51075e-17	-0.00483948	-0.00483948	-0.0448006	-0.0448006	
5.93	2.6973e-17	-0.00488471	-0.00488471	-0.0456588	-0.0456588	
5.94	2.99132e-17	-0.00493079	-0.00493079	-0.0465035	-0.0465035	
5.95	2.32828e-17	-0.00497771	-0.00497771	-0.0473344	-0.0473344	
5.96	2.98693e-17	-0.00502545	-0.00502545	-0.0481511	-0.0481511	
5.97	2.22631e-17	-0.005074	-0.005074	-0.0489534	-0.0489534	
5.98	3.04401e-17	-0.00512335	-0.00512335	-0.0497409	-0.0497409	
5.99	1.55108e-17	-0.00517347	-0.00517347	-0.0505133	-0.0505133	
6	3.0644e-17	-0.00522437	-0.00522437	-0.0512702	-0.0512702	
6.01	2.19228e-17	-0.00527601	-0.00527601	-0.0520115	-0.0520115	
6.02	3.49363e-17	-0.00532838	-0.00532838	-0.0527367	-0.0527367	
6.03	2.40246e-17	-0.00538147	-0.00538147	-0.0534456	-0.0534456	
6.04	3.11359e-17	-0.00543526	-0.00543526	-0.0541379	-0.0541379	
6.05	2.27526e-17	-0.00548974	-0.00548974	-0.0548134	-0.0548134	
6.06	3.40945e-17	-0.00554488	-0.00554488	-0.0554717	-0.0554717	
6.07	2.00531e-17	-0.00560067	-0.00560067	-0.0561126	-0.0561126	
6.08	2.78539e-17	-0.0056571	-0.0056571	-0.0567359	-0.0567359	
6.09	2.28418e-17	-0.00571414	-0.00571414	-0.0573413	-0.0573413	
6.1	3.11959e-17	-0.00577177	-0.00577177	-0.0579285	-0.0579285	
6.11	1.85746e-17	-0.00582999	-0.00582999	-0.0584973	-0.0584973	
6.12	3.2199e-17	-0.00588876	-0.00588876	-0.0590476	-0.0590476	
6.13	1.81677e-17	-0.00594807	-0.00594807	-0.0595789	-0.0595789	
6.14	3.22075e-17	-0.00600791	-0.00600791	-0.0600913	-0.0600913	
6.15	2.47362e-17	-0.00606824	-0.00606824	-0.0605844	-0.0605844	
6.16	3.32169e-17	-0.00612906	-0.00612906	-0.0610581	-0.0610581	
6.17	2.39228e-17	-0.00619035	-0.00619035	-0.0615121	-0.0615121	
6.18	3.42176e-17	-0.00625208	-0.00625208	-0.0619463	-0.0619463	
6.19	2.4702e-17	-0.00631423	-0.00631423	-0.0623605	-0.0623605	
6.2	3.30473e-17	-0.00637679	-0.00637679	-0.0627546	-0.0627546	
6.21	1.58486e-17	-0.00643973	-0.00643973	-0.0631283	-0.0631283	
6.22	3.35457e-17	-0.00650304	-0.00650304	-0.0634816	-0.0634816	
6.23	1.68535e-17	-0.00656668	-0.00656668	-0.0638143	-0.0638143	
6.24	3.46616e-17	-0.00663065	-0.00663065	-0.0641262	-0.0641262	
6.25	2.24904e-17	-0.00669493	-0.00669493	-0.0644173	-0.0644173	
6.26	3.50271e-17	-0.00675948	-0.00675948	-0.0646874	-0.0646874	
6.27	2.37817e-17	-0.00682429	-0.00682429	-0.0649364	-0.0649364	
6.28	2.63201e-17	-0.00688934	-0.00688934	-0.0651642	-0.0651642	
6.29	2.72361e-17	-0.00695461	-0.00695461	-0.0653708	-0.0653708	
6.3	3.12227e-17	-0.00702007	-0.00702007	-0.065556	-0.065556	
6.31	1.67886e-17	-0.00708571	-0.00708571	-0.0657197	-0.0657197	
6.32	2.81807e-17	-0.0071515	-0.0071515	-0.065862	-0.065862	
6.33	1.90574e-17	-0.00721742	-0.00721742	-0.0659827	-0.0659827	
6.34	3.62717e-17	-0.00728346	-0.00728346	-0.0660818	-0.0660818	
6.35	1.1699e-17	-0.00734958	-0.00734958	-0.0661593	-0.0661593	
6.36	3.93922e-17	-0.00741576	-0.00741576	-0.0662151	-0.0662151	
6.37	1.65573e-17	-0.007482	-0.007482	-0.0662491	-0.0662491	
6.38	3.61727e-17	-0.00754825	-0.00754825	-0.0662615	-0.0662615	
6.39	2.00905e-17	-0.00761451	-0.00761451	-0.0662522	-0.0662522	
6.4	3.86197e-17	-0.00768074	-0.00768074	-0.0662211	-0.0662211	
6.41	1.78018e-17	-0.00774694	-0.00774694	-0.0661684	-0.0661684	
6.42	3.77445e-17	-0.00781307	-0.00781307	-0.0660939	-0.0660939	
6.43	1.35334e-17	-0.00787912	-0.00787912	-0.0659978	-0.0659978	
6.44	3.77327e-17	-0.00794505	-0.00794505	-0.0658802	-0.0658802	
6.45	1.69144e-17	-0.00801087	-0.00801087	-0.0657409	-0.0657409	
6.46	4.151e-17	-0.00807653	-0.00807653	-0.0655801	-0.0655801	
6.47	1.97639e-17	-0.00814201	-0.00814201	-0.0653979	-0.0653979	
6.48	3.95991e-17	-0.00820731	-0.00820731	-0.0651943	-0.0651943	
6.49	1.87327e-17	-0.00827239	-0.00827239	-0.0649695	-0.0649695	
6.5	3.78869e-17	-0.00833724	-0.00833724	-0.0647234	-0.0647234	
6.51	1.11483e-17	-0.00840183	-0.00840183	-0.0644562	-0.0644562	
6.52	3.63737e-17	-0.00846614	-0.00846614	-0.0641681	-0.0641681	
6.53	1.16073e-17	-0.00853015	-0.00853015	-0.063859	-0.063859	
6.54	3.98588e-17	-0.00859385	-0.00859385	-0.0635293	-0.0635293	
6.55	1.98903e-17	-0.0086572	-0.0086572	-0.0631788	-0.0631788	
6.56	3.78409e-17	-0.0087202	-0.0087202	-0.0628079	-0.0628079	
6.57	1.67854e-17	-0.00878281	-0.00878281	-0.0624167	-0.0624167	
6.58	3.90098e-17	-0.00884502	-0.00884502	-0.0620053	-0.0620053	
6.59	1.60598e-17	-0.00890681	-0.00890681	-0.0615739	-0.0615739	
6.6	4.1739e-17	-0.00896816	-0.00896816	-0.0611226	-0.0611226	
6.61	1.70178e-17	-0.00902904	-0.00902904	-0.0606517	-0.0606517	
6.62	4.37167e-17	-0.00908945	-0.00908945	-0.0601613	-0.0601613	
6.63	2.22978e-17	-0.00914936	-0.00914936	-0.0596516	-0.0596516	
6.64	4.20742e-17	-0.00920874	-0.00920874	-0.0591228	-0.0591228	
6.65	2.24308e-17	-0.00926759	-0.00926759	-0.0585752	-0.0585752	
6.66	3.90131e-17	-0.00932589	-0.00932589	-0.058009	-0.058009	
6.67	1.89107e-17	-0.0093836	-0.0093836	-0.0574243	-0.0574243	
6.68	3.90455e-17	-0.00944073	-0.00944073	-0.0568215	-0.0568215	
6.69	1.81258e-17	-0.00949724	-0.00949724	-0.0562007	-0.0562007	
6.7	3.11966e-17	-0.00955312	-0.00955312	-0.0555622	-0.0555622	
6.71	2.65416e-17	-0.00960835	-0.00960835	-0.0549063	-0.0549063	
6.72	3.42404e-17	-0.00966292	-0.00966292	-0.0542332	-0.0542332	
6.73	2.47342e-17	-0.00971681	-0.00971681	-0.0535432	-0.0535432	
6.74	3.46718e-17	-0.00977	-0.00977	-0.0528366	-0.0528366	
6.75	2.34319e-17	-0.00982248	-0.00982248	-0.0521136	-0.0521136	
6.76	3.62993e-17	-0.00987422	-0.00987422	-0.0513746	-0.0513746	
6.77	1.0043e-17	-0.00992522	-0.00992522	-0.0506198	-0.0506198	
6.78	3.90133e-17	-0.00997545	-0.00997545	-0.0498496	-0.0498496	
6.79	1.92658e-17	-0.0100249	-0.0100249	-0.0490642	-0.0490642	
6.8	3.30058e-17	-0.0100736	-0.0100736	-0.048264	-0.048264	
6.81	2.66411e-17	-0.0101214	-0.0101214	-0.0474492	-0.0474492	
6.82	3.59451e-17	-0.0101685	-0.0101685	-0.0466203	-0.0466203	
6.83	1.10455e-17	-0.0102147	-0.0102147	-0.0457775	-0.0457775	
6.84	3.19678e-17	-0.01026	-0.01026	-0.0449211	-0.0449211	
6.85	2.54391e-17	-0.0103045	-0.0103045	-0.0440516	-0.0440516	
6.86	3.43888e-17	-0.0103481	-0.0103481	-0.0431693	-0.0431693	
6.87	2.27537e-17	-0.0103908	-0.0103908	-0.0422745	-0.0422745	
6.88	3.12895e-17	-0.0104327	-0.0104327	-0.0413675	-0.0413675	
6.89	1.87604e-17	-0.0104736	-0.0104736	-0.0404488	-0.0404488	
6.9	3.55366e-17	-0.0105135	-0.0105135	-0.0395188	-0.0395188	
6.91	1.24621e-17	-0.0105526	-0.0105526	-0.0385777	-0.0385777	
6.92	3.93965e-17	-0.0105907	-0.0105907	-0.0376259	-0.0376259	
6.93	1.25368e-17	-0.0106278	-0.0106278	-0.0366639	-0.0366639	
6.94	3.53574e-17	-0.010664	-0.010664	-0.035692	-0.035692	
6.95	1.51887e-17	-0.0106992	-0.0106992	-0.0347106	-0.0347106	
6.96	4.09785e-17	-0.0107334	-0.0107334	-0.0337202	-0.0337202	
6.97	1.38309e-17	-0.0107667	-0.0107667	-0.032721	-0.032721	
6.98	3.91011e-17	-0.0107989	-0.0107989	-0.0317135	-0.0317135	
6.99	1.2868e-17	-0.0108301	-0.0108301	-0.0306981	-0.0306981	
7	3.86623e-17	-0.0108603	-0.0108603	-0.0296753	-0.0296753	
7.01	1.7794e-17	-0.0108894	-0.0108894	-0.0286453	-0.0286453	
7.02	4.01537e-17	-0.0109176	-0.0109176	-0.0276087	-0.0276087	
7.03	1.39271e-17	-0.0109446	-0.0109446	-0.0265659	-0.0265659	
7.04	3.4884e-17	-0.0109707	-0.0109707	-0.0255171	-0.0255171	
7.05	1.77681e-17	-0.0109957	-0.0109957	-0.024463	-0.024463	
7.06	3.41227e-17	-0.0110196	-0.0110196	-0.0234039	-0.0234039	
7.07	2.64174e-17	-0.0110425	-0.0110425	-0.0223402	-0.0223402	
7.08	3.1165e-17	-0.0110643	-0.0110643	-0.0212724	-0.0212724	
7.09	2.31832e-17	-0.011085	-0.011085	-0.0202008	-0.0202008	
7.1	3.56456e-17	-0.0111047	-0.0111047	-0.0191259	-0.0191259	
7.11	1.68378e-17	-0.0111233	-0.0111233	-0.0180482	-0.0180482	
7.12	3.21749e-17	-0.0111408	-0.0111408	-0.0169681	-0.0169681	
7.13	2.55349e-17	-0.0111572	-0.0111572	-0.0158859	-0.0158859	
7.14	3.41431e-17	-0.0111725	-0.0111725	-0.0148022	-0.0148022	
7.15	2.15407e-17	-0.0111868	-0.0111868	-0.0137174	-0.0137174	
7.16	3.20922e-17	-0.0112	-0.0112	-0.0126318	-0.0126318	
7.17	2.56843e-17	-0.0112121	-0.0112121	-0.011546	-0.011546	
7.18	3.41079e-17	-0.0112231	-0.0112231	-0.0104603	-0.0104603	
7.19	2.48692e-17	-0.011233	-0.011233	-0.00937531	-0.00937531	
7.2	3.3208e-17	-0.0112418	-0.0112418	-0.00829131	-0.00829131	
7.21	2.04652e-17	-0.0112496	-0.0112496	-0.00720878	-0.00720878	
7.22	3.47934e-17	-0.0112562	-0.0112562	-0.00612815	-0.00612815	
7.23	2.57774e-17	-0.0112618	-0.0112618	-0.00504986	-0.00504986	
7.24	3.42716e-17	-0.0112663	-0.0112663	-0.00397434	-0.00397434	
7.25	2.47758e-17	-0.0112698	-0.0112698	-0.00290202	-0.00290202	
7.26	3.00813e-17	-0.0112722	-0.0112722	-0.00183332	-0.00183332	
7.27	2.12398e-17	-0.0112735	-0.0112735	-0.000768682	-0.000768682	
7.28	3.06328e-17	-0.0112737	-0.0112737	0.000291479	0.000291479	
7.29	2.0557e-17	-0.0112729	-0.0112729	0.00134674	0.00134674	
7.3	3.17265e-17	-0.011271	-0.011271	0.00239667	0.00239667	
7.31	2.24786e-17	-0.0112681	-0.0112681	0.00344085	0.00344085	
7.32	2.5937e-17	-0.0112641	-0.0112641	0.00447887	0.00447887	
7.33	2.51236e-17	-0.0112591	-0.0112591	0.00551031	0.00551031	
7.34	3.00251e-17	-0.0112531	-0.0112531	0.00653476	0.00653476	
7.35	1.7771e-17	-0.0112461	-0.0112461	0.00755181	0.00755181	
7.36	2.93493e-17	-0.011238	-0.011238	0.00856104	0.00856104	
7.37	2.56132e-17	-0.0112289	-0.0112289	0.00956207	0.00956207	
7.38	2.95955e-17	-0.0112189	-0.0112189	0.0105545	0.0105545	
7.39	2.14658e-17	-0.0112078	-0.0112078	0.0115379	0.0115379	
7.4	2.7944e-17	-0.0111958	-0.0111958	0.0125119	0.0125119	
7.41	2.29418e-17	-0.0111828	-0.0111828	0.0134761	0.0134761	
7.42	3.12643e-17	-0.0111689	-0.0111689	0.0144301	0.0144301	
7.43	1.67963e-17	-0.011154	-0.011154	0.0153736	0.0153736	
7.44	3.32456e-17	-0.0111381	-0.0111381	0.0163061	0.0163061	
7.45	1.84576e-17	-0.0111214	-0.0111214	0.0172274	0.0172274	
7.46	2.77691e-17	-0.0111037	-0.0111037	0.0181369	0.0181369	
7.47	2.12399e-17	-0.0110851	-0.0110851	0.0190344	0.0190344	
7.48	3.36388e-17	-0.0110656	-0.0110656	0.0199195	0.0199195	
7.49	2.43305e-17	-0.0110453	-0.0110453	0.0207919	0.0207919	
7.5	2.96185e-17	-0.011024	-0.011024	0.0216511	0.0216511	
7.51	2.13456e-17	-0.011002	-0.011002	0.0224969	0.0224969	
7.52	3.38616e-17	-0.010979	-0.010979	0.0233289	0.0233289	
7.53	2.77103e-17	-0.0109553	-0.0109553	0.0241468	0.0241468	
7.54	2.75305e-17	-0.0109308	-0.0109308	0.0249502	0.0249502	
7.55	3.5165e-17	-0.0109054	-0.0109054	0.0257389	0.0257389	
7.56	1.01266e-17	-0.0108793	-0.0108793	0.0265125	0.0265125	
7.57	3.60003e-17	-0.0108524	-0.0108524	0.0272707	0.0272707	
7.58	1.7047e-17	-0.0108248	-0.0108248	0.0280132	0.0280132	
7.59	4.03311e-17	-0.0107964	-0.0107964	0.0287397	0.0287397	
7.6	1.84729e-17	-0.0107673	-0.0107673	0.02945	0.02945	
7.61	3.7504e-17	-0.0107375	-0.0107375	0.0301436	0.0301436	
7.62	2.04331e-17	-0.010707	-0.010707	0.0308204	0.0308204	
7.63	4.28644e-17	-0.0106759	-0.0106759	0.0314801	0.0314801	
7.64	2.0917e-17	-0.0106441	-0.0106441	0.0321225	0.0321225	
7.65	3.65524e-17	-0.0106116	-0.0106116	0.0327471	0.0327471	
7.66	1.96021e-17	-0.0105786	-0.0105786	0.0333539	0.0333539	
7.67	3.712e-17	-0.0105449	-0.0105449	0.0339426	0.0339426	
7.68	1.90759e-17	-0.0105107	-0.0105107	0.0345129	0.0345129	
7.69	3.60349e-17	-0.0104759	-0.0104759	0.0350646	0.0350646	
7.7	1.90394e-17	-0.0104406	-0.0104406	0.0355975	0.0355975	
7.71	4.33123e-17	-0.0104047	-0.0104047	0.0361114	0.0361114	
7.72	2.10511e-17	-0.0103684	-0.0103684	0.036606	0.036606	
7.73	4.09507e-17	-0.0103315	-0.0103315	0.0370813	0.0370813	
7.74	1.91536e-17	-0.0102942	-0.0102942	0.0375368	0.0375368	
7.75	3.58137e-17	-0.0102565	-0.0102565	0.0379726	0.0379726	
7.76	1.72376e-17	-0.0102183	-0.0102183	0.0383884	0.0383884	
7.77	3.74276e-17	-0.0101797	-0.0101797	0.0387841	0.0387841	
7.78	1.82967e-17	-0.0101407	-0.0101407	0.0391595	0.0391595	
7.79	3.49845e-17	-0.0101014	-0.0101014	0.0395144	0.0395144	
7.8	1.30911e-17	-0.0100617	-0.0100617	0.0398487	0.0398487	
7.81	3.56614e-17	-0.0100217	-0.0100217	0.0401623	0.0401623	
7.82	1.26181e-17	-0.00998138	-0.00998138	0.0404551	0.0404551	
7.83	3.34664e-17	-0.00994079	-0.00994079	0.0407269	0.0407269	
7.84	1.94473e-17	-0.00989994	-0.00989994	0.0409776	0.0409776	
7.85	3.65201e-17	-0.00985885	-0.00985885	0.0412071	0.0412071	
7.86	1.21231e-17	-0.00981754	-0.00981754	0.0414153	0.0414153	
7.87	4.18614e-17	-0.00977603	-0.00977603	0.0416022	0.0416022	
7.88	2.00481e-17	-0.00973434	-0.00973434	0.0417677	0.0417677	
7.89	3.52674e-17	-0.0096925	-0.0096925	0.0419117	0.0419117	
7.9	1.83058e-17	-0.00965053	-0.00965053	0.0420341	0.0420341	
7.91	4.32547e-17	-0.00960845	-0.00960845	0.0421349	0.0421349	
7.92	2.18305e-17	-0.00956627	-0.00956627	0.0422141	0.0422141	
7.93	4.1646e-17	-0.00952403	-0.00952403	0.0422716	0.0422716	
7.94	1.36463e-17	-0.00948174	-0.00948174	0.0423074	0.0423074	
7.95	3.72641e-17	-0.00943942	-0.00943942	0.0423215	0.0423215	
7.96	1.71529e-17	-0.00939711	-0.00939711	0.0423139	0.0423139	
7.97	4.08028e-17	-0.00935481	-0.00935481	0.0422846	0.0422846	
7.98	2.0646e-17	-0.00931255	-0.00931255	0.0422336	0.0422336	
7.99	3.38544e-17	-0.00927035	-0.00927035	0.0421609	0.0421609	
8	2.2883e-17	-0.00922824	-0.00922824	0.0420665	0.0420665	
8.01	3.35894e-17	-0.00918623	-0.00918623	0.0419505	0.0419505	
8.02	2.42997e-17	-0.00914435	-0.00914435	0.041813	0.041813	
8.03	3.8353e-17	-0.00910261	-0.00910261	0.0416539	0.0416539	
8.04	1.6723e-17	-0.00906105	-0.00906105	0.0414734	0.0414734	
8.05	3.94851e-17	-0.00901968	-0.00901968	0.0412715	0.0412715	
8.06	1.83996e-17	-0.00897852	-0.00897852	0.0410484	0.0410484	
8.07	3.79892e-17	-0.00893759	-0.00893759	0.040804	0.040804	
8.08	1.15558e-17	-0.00889692	-0.00889692	0.0405385	0.0405385	
8.09	3.34001e-17	-0.00885653	-0.00885653	0.040252	0.040252	
8.1	2.6902e-17	-0.00881643	-0.00881643	0.0399446	0.0399446	
8.11	3.55358e-17	-0.00877665	-0.00877665	0.0396165	0.0396165	
8.12	2.4191e-17	-0.0087372	-0.0087372	0.0392677	0.0392677	
8.13	3.17591e-17	-0.00869812	-0.00869812	0.0388984	0.0388984	
8.14	1.9133e-17	-0.00865942	-0.00865942	0.0385088	0.0385088	
8.15	2.82759e-17	-0.00862111	-0.00862111	0.038099	0.038099	
8.16	1.71831e-17	-0.00858323	-0.00858323	0.0376692	0.0376692	
8.17	3.92662e-17	-0.00854579	-0.00854579	0.0372195	0.0372195	
8.18	1.83004e-17	-0.0085088	-0.0085088	0.0367501	0.0367501	
8.19	3.59825e-17	-0.00847229	-0.00847229	0.0362612	0.0362612	
8.2	1.79616e-17	-0.00843629	-0.00843629	0.0357531	0.0357531	
8.21	3.3225e-17	-0.0084008	-0.0084008	0.0352259	0.0352259	
8.22	2.52384e-17	-0.00836585	-0.00836585	0.0346797	0.0346797	
8.23	3.39946e-17	-0.00833145	-0.00833145	0.034115	0.034115	
8.24	2.13821e-17	-0.00829762	-0.00829762	0.0335318	0.0335318	
8.25	3.55575e-17	-0.00826439	-0.00826439	0.0329304	0.0329304	
8.26	2.4499e-17	-0.00823177	-0.00823177	0.032311	0.032311	
8.27	3.28244e-17	-0.00819978	-0.00819978	0.0316739	0.0316739	
8.28	2.04307e-17	-0.00816843	-0.00816843	0.0310194	0.0310194	
8.29	3.16071e-17	-0.00813775	-0.00813775	0.0303476	0.0303476	
8.3	2.0563e-17	-0.00810775	-0.00810775	0.029659	0.029659	
8.31	3.91887e-17	-0.00807844	-0.00807844	0.0289537	0.0289537	
8.32	1.38631e-17	-0.00804985	-0.00804985	0.028232	0.028232	
8.33	3.68438e-17	-0.00802198	-0.00802198	0.0274943	0.0274943	
8.34	1.72354e-17	-0.00799487	-0.00799487	0.0267407	0.0267407	
8.35	3.65806e-17	-0.00796851	-0.00796851	0.0259717	0.0259717	
8.36	1.9201e-17	-0.00794293	-0.00794293	0.0251875	0.0251875	
8.37	3.54557e-17	-0.00791814	-0.00791814	0.0243884	0.0243884	
8.38	2.45089e-17	-0.00789416	-0.00789416	0.0235748	0.0235748	
8.39	3.60581e-17	-0.007871	-0.007871	0.022747	0.022747	
8.4	1.23966e-17	-0.00784867	-0.00784867	0.0219053	0.0219053	
8.41	3.81669e-17	-0.0078272	-0.0078272	0.02105	0.02105	
8.42	2.31926e-17	-0.00780658	-0.00780658	0.0201816	0.0201816	
8.43	3.96415e-17	-0.00778684	-0.00778684	0.0193002	0.0193002	
8.44	1.86284e-17	-0.00776799	-0.00776799	0.0184064	0.0184064	
8.45	3.54603e-17	-0.00775003	-0.00775003	0.0175004	0.0175004	
8.46	1.81249e-17	-0.00773299	-0.00773299	0.0165826	0.0165826	
8.47	3.27941e-17	-0.00771687	-0.00771687	0.0156534	0.0156534	
8.48	2.23347e-17	-0.00770169	-0.00770169	0.0147132	0.0147132	
8.49	3.67692e-17	-0.00768745	-0.00768745	0.0137623	0.0137623	
8.5	1.16361e-17	-0.00767417	-0.00767417	0.0128011	0.0128011	
8.51	3.85051e-17	-0.00766186	-0.00766186	0.01183	0.01183	
8.52	1.84606e-17	-0.00765052	-0.00765052	0.0108493	0.0108493	
8.53	3.47079e-17	-0.00764016	-0.00764016	0.00985956	0.00985956	
8.54	2.70059e-17	-0.0076308	-0.0076308	0.00886106	0.00886106	
8.55	3.15381e-17	-0.00762244	-0.00762244	0.00785423	0.00785423	
8.56	2.4748e-17	-0.0076151	-0.0076151	0.00683948	0.00683948	
