0	-2.0533e-17	0	-1.78524e-16	0	0	
0.001	-2.05308e-17	-5.75642e-07	-5.75642e-07	-0.00115128	-0.00115128	
0.002	-2.05193e-17	-2.2472e-06	-2.2472e-06	-0.00219184	-0.00219184	
0.003	-2.05514e-17	-4.90927e-06	-4.90927e-06	-0.0031323	-0.0031323	
0.004	-2.05176e-17	-8.46658e-06	-8.46658e-06	-0.00398232	-0.00398232	
0.005	-2.056e-17	-1.2833e-05	-1.2833e-05	-0.00475058	-0.00475058	
0.006	-2.05432e-17	-1.79308e-05	-1.79308e-05	-0.00544494	-0.00544494	
0.007	-2.04987e-17	-2.36895e-05	-2.36895e-05	-0.00607252	-0.00607252	
0.008	-2.0557e-17	-3.00457e-05	-3.00457e-05	-0.00663974	-0.00663974	
0.009	-2.0598e-17	-3.69417e-05	-3.69417e-05	-0.0071524	-0.0071524	
0.01	-2.06177e-17	-4.43258e-05	-4.43258e-05	-0.00761576	-0.00761576	
0.011	-2.06469e-17	-5.2151e-05	-5.2151e-05	-0.00803455	-0.00803455	
0.012	-2.05872e-17	-6.03748e-05	-6.03748e-05	-0.00841306	-0.00841306	
0.013	-2.06368e-17	-6.89589e-05	-6.89589e-05	-0.00875516	-0.00875516	
0.014	-2.06472e-17	-7.78686e-05	-7.78686e-05	-0.00906436	-0.00906436	
0.015	-2.06164e-17	-8.70727e-05	-8.70727e-05	-0.00934382	-0.00934382	
0.016	-2.06175e-17	-9.65428e-05	-9.65428e-05	-0.0095964	-0.0095964	
0.017	-2.06678e-17	-0.000106253	-0.000106253	-0.00982468	-0.00982468	
0.018	-2.07106e-17	-0.000116181	-0.000116181	-0.010031	-0.010031	
0.019	-2.06487e-17	-0.000126305	-0.000126305	-0.0102175	-0.0102175	
0.02	-2.05955e-17	-0.000136607	-0.000136607	-0.010386	-0.010386	
0.021	-2.06621e-17	-0.000147069	-0.000147069	-0.0105384	-0.0105384	
0.022	-2.06439e-17	-0.000157677	-0.000157677	-0.0106761	-0.0106761	
0.023	-2.06133e-17	-0.000168415	-0.000168415	-0.0108005	-0.0108005	
0.024	-2.06639e-17	-0.000179272	-0.000179272	-0.010913	-0.010913	
0.025	-2.06433e-17	-0.000190236	-0.000190236	-0.0110146	-0.0110146	
0.026	-2.06452e-17	-0.000201296	-0.000201296	-0.0111065	-0.0111065	
0.027	-2.06127e-17	-0.000212444	-0.000212444	-0.0111896	-0.0111896	
0.028	-2.06251e-17	-0.000223671	-0.000223671	-0.0112646	-0.0112646	
0.029	-2.06053e-17	-0.00023497	-0.00023497	-0.0113324	-0.0113324	
0.03	-2.06203e-17	-0.000246333	-0.000246333	-0.0113938	-0.0113938	
0.031	-2.06748e-17	-0.000257754	-0.000257754	-0.0114492	-0.0114492	
0.032	-2.0692e-17	-0.000269229	-0.000269229	-0.0114993	-0.0114993	
0.033	-2.06793e-17	-0.00028075	-0.00028075	-0.0115445	-0.0115445	
0.034	-2.06895e-17	-0.000292315	-0.000292315	-0.0115854	-0.0115854	
0.035	-2.07142e-17	-0.000303919	-0.000303919	-0.0116224	-0.0116224	
0.036	-2.06382e-17	-0.000315558	-0.000315558	-0.0116558	-0.0116558	
0.037	-2.06712e-17	-0.000327229	-0.000327229	-0.011686	-0.011686	
0.038	-2.07091e-17	-0.000338929	-0.000338929	-0.0117133	-0.0117133	
0.039	-2.06265e-17	-0.000350655	-0.000350655	-0.011738	-0.011738	
0.04	-2.07287e-17	-0.000362404	-0.000362404	-0.0117603	-0.0117603	
0.041	-2.06394e-17	-0.000374174	-0.000374174	-0.0117805	-0.0117805	
0.042	-2.06677e-17	-0.000385964	-0.000385964	-0.0117987	-0.0117987	
0.043	-2.07102e-17	-0.000397771	-0.000397771	-0.0118152	-0.0118152	
0.044	-2.06301e-17	-0.000409594	-0.000409594	-0.01183	-0.01183	
0.045	-2.0718e-17	-0.00042143	-0.00042143	-0.0118435	-0.0118435	
0.046	-2.06359e-17	-0.00043328	-0.00043328	-0.0118557	-0.0118557	
0.047	-2.06747e-17	-0.000445141	-0.000445141	-0.0118666	-0.0118666	
0.048	-2.07074e-17	-0.000457013	-0.000457013	-0.0118766	-0.0118766	
0.049	-2.06297e-17	-0.000468894	-0.000468894	-0.0118856	-0.0118856	
0.05	-2.07319e-17	-0.000480783	-0.000480783	-0.0118937	-0.0118937	
0.051	-2.06821e-17	-0.000492681	-0.000492681	-0.011901	-0.011901	
0.052	-2.0751e-17	-0.000504585	-0.000504585	-0.0119076	-0.0119076	
0.053	-2.06532e-17	-0.000516496	-0.000516496	-0.0119136	-0.0119136	
0.054	-2.07346e-17	-0.000528412	-0.000528412	-0.011919	-0.011919	
0.055	-2.09581e-17	-0.000540333	-0.000540333	-0.0119239	-0.0119239	
0.056	-2.08867e-17	-0.000552259	-0.000552259	-0.0119283	-0.0119283	
0.057	-2.08795e-17	-0.00056419	-0.00056419	-0.0119323	-0.0119323	
0.058	-2.08732e-17	-0.000576124	-0.000576124	-0.011936	-0.011936	
0.059	-2.08718e-17	-0.000588062	-0.000588062	-0.0119392	-0.0119392	
0.06	-2.08657e-17	-0.000600002	-0.000600002	-0.0119422	-0.0119422	
0.061	-2.08606e-17	-0.000611946	-0.000611946	-0.0119448	-0.0119448	
0.062	-2.08617e-17	-0.000623892	-0.000623892	-0.0119472	-0.0119472	
0.063	-2.08634e-17	-0.00063584	-0.00063584	-0.0119494	-0.0119494	
0.064	-2.08627e-17	-0.000647791	-0.000647791	-0.0119514	-0.0119514	
0.065	-2.08611e-17	-0.000659743	-0.000659743	-0.0119532	-0.0119532	
0.066	-2.08626e-17	-0.000671697	-0.000671697	-0.0119548	-0.0119548	
0.067	-2.08633e-17	-0.000683652	-0.000683652	-0.0119562	-0.0119562	
0.068	-2.08619e-17	-0.000695609	-0.000695609	-0.0119575	-0.0119575	
0.069	-2.08621e-17	-0.000707567	-0.000707567	-0.0119587	-0.0119587	
0.07	-2.08619e-17	-0.000719527	-0.000719527	-0.0119598	-0.0119598	
0.071	-2.08617e-17	-0.000731487	-0.000731487	-0.0119608	-0.0119608	
0.072	-2.08607e-17	-0.000743448	-0.000743448	-0.0119617	-0.0119617	
0.073	-2.086e-17	-0.00075541	-0.00075541	-0.0119625	-0.0119625	
0.074	-2.08589e-17	-0.000767373	-0.000767373	-0.0119632	-0.0119632	
0.075	-2.08711e-17	-0.000779336	-0.000779336	-0.0119638	-0.0119638	
0.076	-2.08744e-17	-0.000791301	-0.000791301	-0.0119644	-0.0119644	
0.077	-2.08719e-17	-0.000803265	-0.000803265	-0.0119649	-0.0119649	
0.078	-2.08657e-17	-0.00081523	-0.00081523	-0.0119654	-0.0119654	
0.079	-2.08633e-17	-0.000827196	-0.000827196	-0.0119658	-0.0119658	
0.08	-2.08623e-17	-0.000839162	-0.000839162	-0.0119662	-0.0119662	
0.081	-2.08612e-17	-0.000851128	-0.000851128	-0.0119666	-0.0119666	
0.082	-2.0861e-17	-0.000863095	-0.000863095	-0.0119669	-0.0119669	
0.083	-2.08601e-17	-0.000875062	-0.000875062	-0.0119672	-0.0119672	
0.084	-2.08708e-17	-0.00088703	-0.00088703	-0.0119674	-0.0119674	
0.085	-2.08731e-17	-0.000898997	-0.000898997	-0.0119677	-0.0119677	
0.086	-2.08734e-17	-0.000910965	-0.000910965	-0.0119679	-0.0119679	
0.087	-2.08657e-17	-0.000922933	-0.000922933	-0.0119681	-0.0119681	
0.088	-2.086e-17	-0.000934901	-0.000934901	-0.0119683	-0.0119683	
0.089	-2.08623e-17	-0.000946869	-0.000946869	-0.0119684	-0.0119684	
0.09	-2.08639e-17	-0.000958838	-0.000958838	-0.0119686	-0.0119686	
0.091	-2.08619e-17	-0.000970807	-0.000970807	-0.0119687	-0.0119687	
0.092	-2.09405e-17	-0.000982775	-0.000982775	-0.0119688	-0.0119688	
0.093	-2.0939e-17	-0.000994744	-0.000994744	-0.0119689	-0.0119689	
0.094	-2.09435e-17	-0.00100671	-0.00100671	-0.011969	-0.011969	
0.095	-2.094e-17	-0.00101868	-0.00101868	-0.0119691	-0.0119691	
0.096	-2.09403e-17	-0.00103065	-0.00103065	-0.0119692	-0.0119692	
0.097	-2.09375e-17	-0.00104262	-0.00104262	-0.0119692	-0.0119692	
0.098	-2.09532e-17	-0.00105459	-0.00105459	-0.0119693	-0.0119693	
0.099	-2.0943e-17	-0.00106656	-0.00106656	-0.0119694	-0.0119694	
0.1	-2.0939e-17	-0.00107853	-0.00107853	-0.0119694	-0.0119694	
0.101	-2.09464e-17	-0.0010905	-0.0010905	-0.0119695	-0.0119695	
0.102	-2.09426e-17	-0.00110247	-0.00110247	-0.0119695	-0.0119695	
0.103	-2.09376e-17	-0.00111444	-0.00111444	-0.0119695	-0.0119695	
0.104	-2.09396e-17	-0.00112641	-0.00112641	-0.0119696	-0.0119696	
0.105	-2.09383e-17	-0.00113838	-0.00113838	-0.0119696	-0.0119696	
0.106	-2.09445e-17	-0.00115035	-0.00115035	-0.0119696	-0.0119696	
0.107	-2.09509e-17	-0.00116232	-0.00116232	-0.0119697	-0.0119697	
0.108	-2.09404e-17	-0.00117429	-0.00117429	-0.0119697	-0.0119697	
0.109	-2.09374e-17	-0.00118625	-0.00118625	-0.0119697	-0.0119697	
0.11	-2.09352e-17	-0.00119822	-0.00119822	-0.0119697	-0.0119697	
0.111	-2.09397e-17	-0.00121019	-0.00121019	-0.0119697	-0.0119697	
0.112	-2.09475e-17	-0.00122216	-0.00122216	-0.0119698	-0.0119698	
0.113	-2.09391e-17	-0.00123413	-0.00123413	-0.0119698	-0.0119698	
0.114	-2.09388e-17	-0.0012461	-0.0012461	-0.0119698	-0.0119698	
0.115	-2.09388e-17	-0.00125807	-0.00125807	-0.0119698	-0.0119698	
0.116	-2.09431e-17	-0.00127004	-0.00127004	-0.0119698	-0.0119698	
0.117	-2.09409e-17	-0.00128201	-0.00128201	-0.0119698	-0.0119698	
0.118	-2.11721e-17	-0.00129398	-0.00129398	-0.0119698	-0.0119698	
0.119	-2.12021e-17	-0.00130595	-0.00130595	-0.0119698	-0.0119698	
0.12	-2.128e-17	-0.00131792	-0.00131792	-0.0119698	-0.0119698	
0.121	-2.12639e-17	-0.00132989	-0.00132989	-0.0119698	-0.0119698	
0.122	-2.12463e-17	-0.00134186	-0.00134186	-0.0119698	-0.0119698	
0.123	-2.12537e-17	-0.00135383	-0.00135383	-0.0119699	-0.0119699	
0.124	-2.12587e-17	-0.0013658	-0.0013658	-0.0119699	-0.0119699	
0.125	-2.12429e-17	-0.00137777	-0.00137777	-0.0119699	-0.0119699	
0.126	-2.12602e-17	-0.00138974	-0.00138974	-0.0119699	-0.0119699	
0.127	-2.12486e-17	-0.00140171	-0.00140171	-0.0119699	-0.0119699	
0.128	-2.1266e-17	-0.00141368	-0.00141368	-0.0119699	-0.0119699	
0.129	-2.1251e-17	-0.00142565	-0.00142565	-0.0119699	-0.0119699	
0.13	-2.12659e-17	-0.00143762	-0.00143762	-0.0119699	-0.0119699	
0.131	-2.12498e-17	-0.00144959	-0.00144959	-0.0119699	-0.0119699	
0.132	-2.12662e-17	-0.00146156	-0.00146156	-0.0119699	-0.0119699	
0.133	-2.12517e-17	-0.00147353	-0.00147353	-0.0119699	-0.0119699	
0.134	-2.12644e-17	-0.0014855	-0.0014855	-0.0119699	-0.0119699	
0.135	-2.12477e-17	-0.00149747	-0.00149747	-0.0119699	-0.0119699	
0.136	-2.12627e-17	-0.00150944	-0.00150944	-0.0119699	-0.0119699	
0.137	-2.12486e-17	-0.00152141	-0.00152141	-0.0119699	-0.0119699	
0.138	-2.12606e-17	-0.00153338	-0.00153338	-0.0119699	-0.0119699	
0.139	-2.12456e-17	-0.00154535	-0.00154535	-0.0119699	-0.0119699	
0.14	-2.1263e-17	-0.00155732	-0.00155732	-0.0119699	-0.0119699	
0.141	-2.12487e-17	-0.00156929	-0.00156929	-0.0119699	-0.0119699	
0.142	-2.12632e-17	-0.00158126	-0.00158126	-0.0119699	-0.0119699	
0.143	-2.12487e-17	-0.00159323	-0.00159323	-0.0119699	-0.0119699	
0.144	-2.1266e-17	-0.0016052	-0.0016052	-0.0119699	-0.0119699	
0.145	-2.12507e-17	-0.00161717	-0.00161717	-0.0119699	-0.0119699	
0.146	-2.12659e-17	-0.00162914	-0.00162914	-0.0119699	-0.0119699	
0.147	-2.12509e-17	-0.00164111	-0.00164111	-0.0119699	-0.0119699	
0.148	-2.12639e-17	-0.00165308	-0.00165308	-0.0119699	-0.0119699	
0.149	-2.12493e-17	-0.00166505	-0.00166505	-0.0119699	-0.0119699	
0.15	-2.12623e-17	-0.00167702	-0.00167702	-0.0119699	-0.0119699	
0.151	-2.12476e-17	-0.00168899	-0.00168899	-0.0119699	-0.0119699	
0.152	-2.12652e-17	-0.00170096	-0.00170096	-0.0119699	-0.0119699	
0.153	-2.1251e-17	-0.00171293	-0.00171293	-0.0119699	-0.0119699	
0.154	-2.14949e-17	-0.0017249	-0.0017249	-0.0119699	-0.0119699	
0.155	-2.13956e-17	-0.00173687	-0.00173687	-0.0119699	-0.0119699	
0.156	-2.15002e-17	-0.00174884	-0.00174884	-0.0119699	-0.0119699	
0.157	-2.14075e-17	-0.00176081	-0.00176081	-0.0119699	-0.0119699	
0.158	-2.15176e-17	-0.00177278	-0.00177278	-0.0119699	-0.0119699	
0.159	-2.14083e-17	-0.00178475	-0.00178475	-0.0119699	-0.0119699	
0.16	-2.15756e-17	-0.00179672	-0.00179672	-0.0119699	-0.0119699	
0.161	-2.15085e-17	-0.00180869	-0.00180869	-0.0119699	-0.0119699	
0.162	-2.15445e-17	-0.00182066	-0.00182066	-0.0119699	-0.0119699	
0.163	-2.15112e-17	-0.00183263	-0.00183263	-0.0119699	-0.0119699	
0.164	-2.14898e-17	-0.0018446	-0.0018446	-0.0119699	-0.0119699	
0.165	-2.14988e-17	-0.00185657	-0.00185657	-0.0119699	-0.0119699	
0.166	-2.15067e-17	-0.00186854	-0.00186854	-0.0119699	-0.0119699	
0.167	-2.14987e-17	-0.00188051	-0.00188051	-0.0119699	-0.0119699	
0.168	-2.15054e-17	-0.00189248	-0.00189248	-0.0119699	-0.0119699	
0.169	-2.15e-17	-0.00190445	-0.00190445	-0.0119699	-0.0119699	
0.17	-2.14993e-17	-0.00191642	-0.00191642	-0.0119699	-0.0119699	
0.171	-2.15118e-17	-0.00192839	-0.00192839	-0.0119699	-0.0119699	
0.172	-2.14956e-17	-0.00194036	-0.00194036	-0.0119699	-0.0119699	
0.173	-2.15103e-17	-0.00195233	-0.00195233	-0.0119699	-0.0119699	
0.174	-2.15632e-17	-0.0019643	-0.0019643	-0.0119699	-0.0119699	
0.175	-2.1623e-17	-0.00197627	-0.00197627	-0.0119699	-0.0119699	
0.176	-2.16517e-17	-0.00198824	-0.00198824	-0.0119699	-0.0119699	
0.177	-2.16677e-17	-0.00200021	-0.00200021	-0.0119699	-0.0119699	
0.178	-2.16666e-17	-0.00201218	-0.00201218	-0.0119699	-0.0119699	
0.179	-2.16684e-17	-0.00202415	-0.00202415	-0.0119699	-0.0119699	
0.18	-2.16649e-17	-0.00203612	-0.00203612	-0.0119699	-0.0119699	
0.181	-2.16652e-17	-0.00204809	-0.00204809	-0.0119699	-0.0119699	
0.182	-2.16645e-17	-0.00206006	-0.00206006	-0.0119699	-0.0119699	
0.183	-2.16635e-17	-0.00207203	-0.00207203	-0.0119699	-0.0119699	
0.184	-2.16618e-17	-0.002084	-0.002084	-0.0119699	-0.0119699	
0.185	-2.16702e-17	-0.00209597	-0.00209597	-0.0119699	-0.0119699	
0.186	-2.21098e-17	-0.00210793	-0.00210793	-0.0119699	-0.0119699	
0.187	-2.20734e-17	-0.0021199	-0.0021199	-0.0119699	-0.0119699	
0.188	-2.2052e-17	-0.00213187	-0.00213187	-0.0119699	-0.0119699	
0.189	-2.20602e-17	-0.00214384	-0.00214384	-0.0119699	-0.0119699	
0.19	-2.20588e-17	-0.00215581	-0.00215581	-0.0119699	-0.0119699	
0.191	-2.2055e-17	-0.00216778	-0.00216778	-0.0119699	-0.0119699	
0.192	-2.20576e-17	-0.00217975	-0.00217975	-0.0119699	-0.0119699	
0.193	-2.20609e-17	-0.00219172	-0.00219172	-0.0119699	-0.0119699	
0.194	-2.20584e-17	-0.00220369	-0.00220369	-0.0119699	-0.0119699	
0.195	-2.20594e-17	-0.00221566	-0.00221566	-0.0119699	-0.0119699	
0.196	-2.2058e-17	-0.00222763	-0.00222763	-0.0119699	-0.0119699	
0.197	-2.2059e-17	-0.0022396	-0.0022396	-0.0119699	-0.0119699	
0.198	-2.20578e-17	-0.00225157	-0.00225157	-0.0119699	-0.0119699	
0.199	-2.20594e-17	-0.00226354	-0.00226354	-0.0119699	-0.0119699	
0.2	-2.20608e-17	-0.00227551	-0.00227551	-0.0119699	-0.0119699	
0.201	-2.20591e-17	-0.00228748	-0.00228748	-0.0119699	-0.0119699	
0.202	-2.20568e-17	-0.00229945	-0.00229945	-0.0119699	-0.0119699	
0.203	-2.20584e-17	-0.00231142	-0.00231142	-0.0119699	-0.0119699	
0.204	-2.20602e-17	-0.00232339	-0.00232339	-0.0119699	-0.0119699	
0.205	-2.20576e-17	-0.00233536	-0.00233536	-0.0119699	-0.0119699	
0.206	-2.20546e-17	-0.00234733	-0.00234733	-0.0119699	-0.0119699	
0.207	-2.20539e-17	-0.0023593	-0.0023593	-0.0119699	-0.0119699	
0.208	-2.20526e-17	-0.00237127	-0.00237127	-0.0119699	-0.0119699	
0.209	-2.20638e-17	-0.00238324	-0.00238324	-0.0119699	-0.0119699	
0.21	-2.2066e-17	-0.00239521	-0.00239521	-0.0119699	-0.0119699	
0.211	-2.20656e-17	-0.00240718	-0.00240718	-0.0119699	-0.0119699	
0.212	-2.20612e-17	-0.00241915	-0.00241915	-0.0119699	-0.0119699	
0.213	-2.20547e-17	-0.00243112	-0.00243112	-0.0119699	-0.0119699	
0.214	-2.20543e-17	-0.00244309	-0.00244309	-0.0119699	-0.0119699	
0.215	-2.20534e-17	-0.00245506	-0.00245506	-0.0119699	-0.0119699	
0.216	-2.20545e-17	-0.00246703	-0.00246703	-0.0119699	-0.0119699	
0.217	-2.20545e-17	-0.002479	-0.002479	-0.0119699	-0.0119699	
0.218	-2.20541e-17	-0.00249097	-0.00249097	-0.0119699	-0.0119699	
0.219	-2.20526e-17	-0.00250294	-0.00250294	-0.0119699	-0.0119699	
0.22	-2.20623e-17	-0.00251491	-0.00251491	-0.0119699	-0.0119699	
0.221	-2.20649e-17	-0.00252688	-0.00252688	-0.0119699	-0.0119699	
0.222	-2.20675e-17	-0.00253885	-0.00253885	-0.0119699	-0.0119699	
0.223	-2.20625e-17	-0.00255082	-0.00255082	-0.0119699	-0.0119699	
0.224	-2.20597e-17	-0.00256279	-0.00256279	-0.0119699	-0.0119699	
0.225	-2.20568e-17	-0.00257476	-0.00257476	-0.0119699	-0.0119699	
0.226	-2.20583e-17	-0.00258673	-0.00258673	-0.0119699	-0.0119699	
0.227	-2.20605e-17	-0.0025987	-0.0025987	-0.0119699	-0.0119699	
0.228	-2.20594e-17	-0.00261067	-0.00261067	-0.0119699	-0.0119699	
0.229	-2.20594e-17	-0.00262264	-0.00262264	-0.0119699	-0.0119699	
0.23	-2.2057e-17	-0.00263461	-0.00263461	-0.0119699	-0.0119699	
0.231	-2.2059e-17	-0.00264658	-0.00264658	-0.0119699	-0.0119699	
0.232	-2.20614e-17	-0.00265855	-0.00265855	-0.0119699	-0.0119699	
0.233	-2.20592e-17	-0.00267052	-0.00267052	-0.0119699	-0.0119699	
0.234	-2.20582e-17	-0.00268249	-0.00268249	-0.0119699	-0.0119699	
0.235	-2.20581e-17	-0.00269446	-0.00269446	-0.0119699	-0.0119699	
0.236	-2.20597e-17	-0.00270643	-0.00270643	-0.0119699	-0.0119699	
0.237	-2.20602e-17	-0.0027184	-0.0027184	-0.0119699	-0.0119699	
0.238	-2.20582e-17	-0.00273037	-0.00273037	-0.0119699	-0.0119699	
0.239	-2.20568e-17	-0.00274234	-0.00274234	-0.0119699	-0.0119699	
0.24	-2.20551e-17	-0.00275431	-0.00275431	-0.0119699	-0.0119699	
0.241	-2.20569e-17	-0.00276628	-0.00276628	-0.0119699	-0.0119699	
0.242	-2.20586e-17	-0.00277825	-0.00277825	-0.0119699	-0.0119699	
0.243	-2.20598e-17	-0.00279022	-0.00279022	-0.0119699	-0.0119699	
0.244	-2.20607e-17	-0.00280219	-0.00280219	-0.0119699	-0.0119699	
0.245	-2.20578e-17	-0.00281416	-0.00281416	-0.0119699	-0.0119699	
0.246	-2.20579e-17	-0.00282613	-0.00282613	-0.0119699	-0.0119699	
0.247	-2.20584e-17	-0.0028381	-0.0028381	-0.0119699	-0.0119699	
0.248	-2.2064e-17	-0.00285007	-0.00285007	-0.0119699	-0.0119699	
0.249	-2.20675e-17	-0.00286204	-0.00286204	-0.0119699	-0.0119699	
0.25	-2.20653e-17	-0.00287401	-0.00287401	-0.0119699	-0.0119699	
0.251	-2.20593e-17	-0.00288598	-0.00288598	-0.0119699	-0.0119699	
0.252	-2.20674e-17	-0.00289795	-0.00289795	-0.0119699	-0.0119699	
0.253	-2.20667e-17	-0.00290992	-0.00290992	-0.0119699	-0.0119699	
0.254	-2.20641e-17	-0.00292189	-0.00292189	-0.0119699	-0.0119699	
0.255	-2.20589e-17	-0.00293386	-0.00293386	-0.0119699	-0.0119699	
0.256	-2.20547e-17	-0.00294583	-0.00294583	-0.0119699	-0.0119699	
0.257	-2.2055e-17	-0.0029578	-0.0029578	-0.0119699	-0.0119699	
0.258	-2.20569e-17	-0.00296977	-0.00296977	-0.0119699	-0.0119699	
0.259	-2.20565e-17	-0.00298174	-0.00298174	-0.0119699	-0.0119699	
0.26	-2.20539e-17	-0.00299371	-0.00299371	-0.0119699	-0.0119699	
0.261	-2.20531e-17	-0.00300568	-0.00300568	-0.0119699	-0.0119699	
0.262	-2.20514e-17	-0.00301765	-0.00301765	-0.0119699	-0.0119699	
0.263	-2.20614e-17	-0.00302962	-0.00302962	-0.0119699	-0.0119699	
0.264	-2.20643e-17	-0.00304159	-0.00304159	-0.0119699	-0.0119699	
0.265	-2.20657e-17	-0.00305356	-0.00305356	-0.0119699	-0.0119699	
0.266	-2.20603e-17	-0.00306553	-0.00306553	-0.0119699	-0.0119699	
0.267	-2.20552e-17	-0.0030775	-0.0030775	-0.0119699	-0.0119699	
0.268	-2.20516e-17	-0.00308947	-0.00308947	-0.0119699	-0.0119699	
0.269	-2.20621e-17	-0.00310144	-0.00310144	-0.0119699	-0.0119699	
0.27	-2.20661e-17	-0.00311341	-0.00311341	-0.0119699	-0.0119699	
0.271	-2.20699e-17	-0.00312538	-0.00312538	-0.0119699	-0.0119699	
0.272	-2.20653e-17	-0.00313735	-0.00313735	-0.0119699	-0.0119699	
0.273	-2.20602e-17	-0.00314932	-0.00314932	-0.0119699	-0.0119699	
0.274	-2.20558e-17	-0.00316129	-0.00316129	-0.0119699	-0.0119699	
0.275	-2.20566e-17	-0.00317326	-0.00317326	-0.0119699	-0.0119699	
0.276	-2.20592e-17	-0.00318523	-0.00318523	-0.0119699	-0.0119699	
0.277	-2.20602e-17	-0.0031972	-0.0031972	-0.0119699	-0.0119699	
0.278	-2.20577e-17	-0.00320917	-0.00320917	-0.0119699	-0.0119699	
0.279	-2.20577e-17	-0.00322114	-0.00322114	-0.0119699	-0.0119699	
0.28	-2.20592e-17	-0.00323311	-0.00323311	-0.0119699	-0.0119699	
0.281	-2.20607e-17	-0.00324508	-0.00324508	-0.0119699	-0.0119699	
0.282	-2.20584e-17	-0.00325705	-0.00325705	-0.0119699	-0.0119699	
0.283	-2.20572e-17	-0.00326902	-0.00326902	-0.0119699	-0.0119699	
0.284	-2.20572e-17	-0.00328098	-0.00328098	-0.0119699	-0.0119699	
0.285	-2.20587e-17	-0.00329295	-0.00329295	-0.0119699	-0.0119699	
0.286	-2.206e-17	-0.00330492	-0.00330492	-0.0119699	-0.0119699	
0.287	-2.2058e-17	-0.00331689	-0.00331689	-0.0119699	-0.0119699	
0.288	-2.20587e-17	-0.00332886	-0.00332886	-0.0119699	-0.0119699	
0.289	-2.20579e-17	-0.00334083	-0.00334083	-0.0119699	-0.0119699	
0.29	-2.20589e-17	-0.0033528	-0.0033528	-0.0119699	-0.0119699	
0.291	-2.20567e-17	-0.00336477	-0.00336477	-0.0119699	-0.0119699	
0.292	-2.20582e-17	-0.00337674	-0.00337674	-0.0119699	-0.0119699	
0.293	-2.20609e-17	-0.00338871	-0.00338871	-0.0119699	-0.0119699	
0.294	-2.20602e-17	-0.00340068	-0.00340068	-0.0119699	-0.0119699	
0.295	-2.20594e-17	-0.00341265	-0.00341265	-0.0119699	-0.0119699	
0.296	-2.20581e-17	-0.00342462	-0.00342462	-0.0119699	-0.0119699	
0.297	-2.20596e-17	-0.00343659	-0.00343659	-0.0119699	-0.0119699	
0.298	-2.20616e-17	-0.00344856	-0.00344856	-0.0119699	-0.0119699	
0.299	-2.20598e-17	-0.00346053	-0.00346053	-0.0119699	-0.0119699	
0.3	-2.20566e-17	-0.0034725	-0.0034725	-0.0119699	-0.0119699	
0.301	-2.20582e-17	-0.00348447	-0.00348447	-0.0119699	-0.0119699	
0.302	-2.20613e-17	-0.00349644	-0.00349644	-0.0119699	-0.0119699	
0.303	-2.2062e-17	-0.00350841	-0.00350841	-0.0119699	-0.0119699	
0.304	-2.20591e-17	-0.00352038	-0.00352038	-0.0119699	-0.0119699	
0.305	-2.20578e-17	-0.00353235	-0.00353235	-0.0119699	-0.0119699	
0.306	-2.20583e-17	-0.00354432	-0.00354432	-0.0119699	-0.0119699	
0.307	-2.20614e-17	-0.00355629	-0.00355629	-0.0119699	-0.0119699	
0.308	-2.20593e-17	-0.00356826	-0.00356826	-0.0119699	-0.0119699	
0.309	-2.20598e-17	-0.00358023	-0.00358023	-0.0119699	-0.0119699	
0.31	-2.20579e-17	-0.0035922	-0.0035922	-0.0119699	-0.0119699	
0.311	-2.20603e-17	-0.00360417	-0.00360417	-0.0119699	-0.0119699	
0.312	-2.20618e-17	-0.00361614	-0.00361614	-0.0119699	-0.0119699	
0.313	-2.20601e-17	-0.00362811	-0.00362811	-0.0119699	-0.0119699	
0.314	-2.20559e-17	-0.00364008	-0.00364008	-0.0119699	-0.0119699	
0.315	-2.20583e-17	-0.00365205	-0.00365205	-0.0119699	-0.0119699	
0.316	-2.20611e-17	-0.00366402	-0.00366402	-0.0119699	-0.0119699	
0.317	-2.20591e-17	-0.00367599	-0.00367599	-0.0119699	-0.0119699	
0.318	-2.206e-17	-0.00368796	-0.00368796	-0.0119699	-0.0119699	
0.319	-2.20589e-17	-0.00369993	-0.00369993	-0.0119699	-0.0119699	
0.32	-2.20581e-17	-0.0037119	-0.0037119	-0.0119699	-0.0119699	
0.321	-2.20569e-17	-0.00372387	-0.00372387	-0.0119699	-0.0119699	
0.322	-2.20587e-17	-0.00373584	-0.00373584	-0.0119699	-0.0119699	
0.323	-2.2061e-17	-0.00374781	-0.00374781	-0.0119699	-0.0119699	
0.324	-2.20603e-17	-0.00375978	-0.00375978	-0.0119699	-0.0119699	
0.325	-2.20597e-17	-0.00377175	-0.00377175	-0.0119699	-0.0119699	
0.326	-2.20588e-17	-0.00378372	-0.00378372	-0.0119699	-0.0119699	
0.327	-2.20596e-17	-0.00379569	-0.00379569	-0.0119699	-0.0119699	
0.328	-2.20576e-17	-0.00380766	-0.00380766	-0.0119699	-0.0119699	
0.329	-2.20596e-17	-0.00381963	-0.00381963	-0.0119699	-0.0119699	
0.33	-2.20606e-17	-0.0038316	-0.0038316	-0.0119699	-0.0119699	
0.331	-2.20592e-17	-0.00384357	-0.00384357	-0.0119699	-0.0119699	
0.332	-2.20601e-17	-0.00385554	-0.00385554	-0.0119699	-0.0119699	
0.333	-2.20613e-17	-0.00386751	-0.00386751	-0.0119699	-0.0119699	
0.334	-2.20591e-17	-0.00387948	-0.00387948	-0.0119699	-0.0119699	
0.335	-2.20555e-17	-0.00389145	-0.00389145	-0.0119699	-0.0119699	
0.336	-2.20547e-17	-0.00390342	-0.00390342	-0.0119699	-0.0119699	
0.337	-2.26506e-17	-0.00391539	-0.00391539	-0.0119699	-0.0119699	
0.338	-2.26101e-17	-0.00392736	-0.00392736	-0.0119699	-0.0119699	
0.339	-2.26213e-17	-0.00393933	-0.00393933	-0.0119699	-0.0119699	
0.34	-2.2619e-17	-0.0039513	-0.0039513	-0.0119699	-0.0119699	
0.341	-2.26237e-17	-0.00396327	-0.00396327	-0.0119699	-0.0119699	
0.342	-2.26249e-17	-0.00397524	-0.00397524	-0.0119699	-0.0119699	
0.343	-2.26218e-17	-0.00398721	-0.00398721	-0.0119699	-0.0119699	
0.344	-2.26249e-17	-0.00399918	-0.00399918	-0.0119699	-0.0119699	
0.345	-2.26273e-17	-0.00401115	-0.00401115	-0.0119699	-0.0119699	
0.346	-2.26321e-17	-0.00402312	-0.00402312	-0.0119699	-0.0119699	
0.347	-2.26272e-17	-0.00403509	-0.00403509	-0.0119699	-0.0119699	
0.348	-2.26203e-17	-0.00404706	-0.00404706	-0.0119699	-0.0119699	
0.349	-2.26216e-17	-0.00405903	-0.00405903	-0.0119699	-0.0119699	
0.35	-2.26243e-17	-0.004071	-0.004071	-0.0119699	-0.0119699	
0.351	-2.2626e-17	-0.00408297	-0.00408297	-0.0119699	-0.0119699	
0.352	-2.26242e-17	-0.00409494	-0.00409494	-0.0119699	-0.0119699	
0.353	-2.26226e-17	-0.00410691	-0.00410691	-0.0119699	-0.0119699	
0.354	-2.26213e-17	-0.00411888	-0.00411888	-0.0119699	-0.0119699	
0.355	-2.26238e-17	-0.00413085	-0.00413085	-0.0119699	-0.0119699	
0.356	-2.26236e-17	-0.00414282	-0.00414282	-0.0119699	-0.0119699	
0.357	-2.26207e-17	-0.00415479	-0.00415479	-0.0119699	-0.0119699	
0.358	-2.26204e-17	-0.00416676	-0.00416676	-0.0119699	-0.0119699	
0.359	-2.26209e-17	-0.00417873	-0.00417873	-0.0119699	-0.0119699	
0.36	-2.26197e-17	-0.0041907	-0.0041907	-0.0119699	-0.0119699	
0.361	-2.26184e-17	-0.00420267	-0.00420267	-0.0119699	-0.0119699	
0.362	-2.26198e-17	-0.00421464	-0.00421464	-0.0119699	-0.0119699	
0.363	-2.26219e-17	-0.00422661	-0.00422661	-0.0119699	-0.0119699	
0.364	-2.26231e-17	-0.00423858	-0.00423858	-0.0119699	-0.0119699	
0.365	-2.26232e-17	-0.00425055	-0.00425055	-0.0119699	-0.0119699	
0.366	-2.26231e-17	-0.00426252	-0.00426252	-0.0119699	-0.0119699	
0.367	-2.26196e-17	-0.00427449	-0.00427449	-0.0119699	-0.0119699	
0.368	-2.2619e-17	-0.00428646	-0.00428646	-0.0119699	-0.0119699	
0.369	-2.26199e-17	-0.00429843	-0.00429843	-0.0119699	-0.0119699	
0.37	-2.26209e-17	-0.0043104	-0.0043104	-0.0119699	-0.0119699	
0.371	-2.26214e-17	-0.00432237	-0.00432237	-0.0119699	-0.0119699	
0.372	-2.26222e-17	-0.00433434	-0.00433434	-0.0119699	-0.0119699	
0.373	-2.2633e-17	-0.00434631	-0.00434631	-0.0119699	-0.0119699	
0.374	-2.26324e-17	-0.00435828	-0.00435828	-0.0119699	-0.0119699	
0.375	-2.26306e-17	-0.00437025	-0.00437025	-0.0119699	-0.0119699	
0.376	-2.26259e-17	-0.00438222	-0.00438222	-0.0119699	-0.0119699	
0.377	-2.2622e-17	-0.00439419	-0.00439419	-0.0119699	-0.0119699	
0.378	-2.26231e-17	-0.00440616	-0.00440616	-0.0119699	-0.0119699	
0.379	-2.26236e-17	-0.00441813	-0.00441813	-0.0119699	-0.0119699	
0.38	-2.26234e-17	-0.0044301	-0.0044301	-0.0119699	-0.0119699	
0.381	-2.26204e-17	-0.00444206	-0.00444206	-0.0119699	-0.0119699	
0.382	-2.26202e-17	-0.00445403	-0.00445403	-0.0119699	-0.0119699	
0.383	-2.26215e-17	-0.004466	-0.004466	-0.0119699	-0.0119699	
0.384	-2.26211e-17	-0.00447797	-0.00447797	-0.0119699	-0.0119699	
0.385	-2.26221e-17	-0.00448994	-0.00448994	-0.0119699	-0.0119699	
0.386	-2.26208e-17	-0.00450191	-0.00450191	-0.0119699	-0.0119699	
0.387	-2.26205e-17	-0.00451388	-0.00451388	-0.0119699	-0.0119699	
0.388	-2.262e-17	-0.00452585	-0.00452585	-0.0119699	-0.0119699	
0.389	-2.26208e-17	-0.00453782	-0.00453782	-0.0119699	-0.0119699	
0.39	-2.26229e-17	-0.00454979	-0.00454979	-0.0119699	-0.0119699	
0.391	-2.26238e-17	-0.00456176	-0.00456176	-0.0119699	-0.0119699	
0.392	-2.26201e-17	-0.00457373	-0.00457373	-0.0119699	-0.0119699	
0.393	-2.26194e-17	-0.0045857	-0.0045857	-0.0119699	-0.0119699	
0.394	-2.26194e-17	-0.00459767	-0.00459767	-0.0119699	-0.0119699	
0.395	-2.26219e-17	-0.00460964	-0.00460964	-0.0119699	-0.0119699	
0.396	-2.26241e-17	-0.00462161	-0.00462161	-0.0119699	-0.0119699	
0.397	-2.26241e-17	-0.00463358	-0.00463358	-0.0119699	-0.0119699	
0.398	-2.26199e-17	-0.00464555	-0.00464555	-0.0119699	-0.0119699	
0.399	-2.26199e-17	-0.00465752	-0.00465752	-0.0119699	-0.0119699	
0.4	-2.26207e-17	-0.00466949	-0.00466949	-0.0119699	-0.0119699	
0.401	-2.26218e-17	-0.00468146	-0.00468146	-0.0119699	-0.0119699	
0.402	-2.26204e-17	-0.00469343	-0.00469343	-0.0119699	-0.0119699	
0.403	-2.26218e-17	-0.0047054	-0.0047054	-0.0119699	-0.0119699	
0.404	-2.26218e-17	-0.00471737	-0.00471737	-0.0119699	-0.0119699	
0.405	-2.26221e-17	-0.00472934	-0.00472934	-0.0119699	-0.0119699	
0.406	-2.26223e-17	-0.00474131	-0.00474131	-0.0119699	-0.0119699	
0.407	-2.26235e-17	-0.00475328	-0.00475328	-0.0119699	-0.0119699	
0.408	-2.26238e-17	-0.00476525	-0.00476525	-0.0119699	-0.0119699	
0.409	-2.26203e-17	-0.00477722	-0.00477722	-0.0119699	-0.0119699	
0.41	-2.26195e-17	-0.00478919	-0.00478919	-0.0119699	-0.0119699	
0.411	-2.2621e-17	-0.00480116	-0.00480116	-0.0119699	-0.0119699	
0.412	-2.2621e-17	-0.00481313	-0.00481313	-0.0119699	-0.0119699	
0.413	-2.26219e-17	-0.0048251	-0.0048251	-0.0119699	-0.0119699	
0.414	-2.26201e-17	-0.00483707	-0.00483707	-0.0119699	-0.0119699	
0.415	-2.26211e-17	-0.00484904	-0.00484904	-0.0119699	-0.0119699	
0.416	-2.26213e-17	-0.00486101	-0.00486101	-0.0119699	-0.0119699	
0.417	-2.26228e-17	-0.00487298	-0.00487298	-0.0119699	-0.0119699	
0.418	-2.26233e-17	-0.00488495	-0.00488495	-0.0119699	-0.0119699	
0.419	-2.26207e-17	-0.00489692	-0.00489692	-0.0119699	-0.0119699	
0.42	-2.262e-17	-0.00490889	-0.00490889	-0.0119699	-0.0119699	
0.421	-2.26212e-17	-0.00492086	-0.00492086	-0.0119699	-0.0119699	
0.422	-2.26217e-17	-0.00493283	-0.00493283	-0.0119699	-0.0119699	
0.423	-2.26237e-17	-0.0049448	-0.0049448	-0.0119699	-0.0119699	
0.424	-2.26242e-17	-0.00495677	-0.00495677	-0.0119699	-0.0119699	
0.425	-2.26201e-17	-0.00496874	-0.00496874	-0.0119699	-0.0119699	
0.426	-2.2621e-17	-0.00498071	-0.00498071	-0.0119699	-0.0119699	
0.427	-2.26201e-17	-0.00499268	-0.00499268	-0.0119699	-0.0119699	
0.428	-2.26183e-17	-0.00500465	-0.00500465	-0.0119699	-0.0119699	
0.429	-2.26195e-17	-0.00501662	-0.00501662	-0.0119699	-0.0119699	
0.43	-2.26213e-17	-0.00502859	-0.00502859	-0.0119699	-0.0119699	
0.431	-2.26215e-17	-0.00504056	-0.00504056	-0.0119699	-0.0119699	
0.432	-2.26235e-17	-0.00505253	-0.00505253	-0.0119699	-0.0119699	
0.433	-2.26238e-17	-0.0050645	-0.0050645	-0.0119699	-0.0119699	
0.434	-2.26208e-17	-0.00507647	-0.00507647	-0.0119699	-0.0119699	
0.435	-2.26205e-17	-0.00508844	-0.00508844	-0.0119699	-0.0119699	
0.436	-2.26216e-17	-0.00510041	-0.00510041	-0.0119699	-0.0119699	
0.437	-2.26215e-17	-0.00511238	-0.00511238	-0.0119699	-0.0119699	
0.438	-2.26231e-17	-0.00512435	-0.00512435	-0.0119699	-0.0119699	
0.439	-2.26241e-17	-0.00513632	-0.00513632	-0.0119699	-0.0119699	
0.44	-2.26204e-17	-0.00514829	-0.00514829	-0.0119699	-0.0119699	
0.441	-2.26191e-17	-0.00516026	-0.00516026	-0.0119699	-0.0119699	
0.442	-2.26202e-17	-0.00517223	-0.00517223	-0.0119699	-0.0119699	
0.443	-2.26212e-17	-0.0051842	-0.0051842	-0.0119699	-0.0119699	
0.444	-2.26236e-17	-0.00519617	-0.00519617	-0.0119699	-0.0119699	
0.445	-2.26241e-17	-0.00520814	-0.00520814	-0.0119699	-0.0119699	
0.446	-2.26205e-17	-0.00522011	-0.00522011	-0.0119699	-0.0119699	
0.447	-2.26204e-17	-0.00523208	-0.00523208	-0.0119699	-0.0119699	
0.448	-2.26205e-17	-0.00524405	-0.00524405	-0.0119699	-0.0119699	
0.449	-2.26208e-17	-0.00525602	-0.00525602	-0.0119699	-0.0119699	
0.45	-2.26212e-17	-0.00526799	-0.00526799	-0.0119699	-0.0119699	
0.451	-2.26235e-17	-0.00527996	-0.00527996	-0.0119699	-0.0119699	
0.452	-2.26241e-17	-0.00529193	-0.00529193	-0.0119699	-0.0119699	
0.453	-2.2622e-17	-0.0053039	-0.0053039	-0.0119699	-0.0119699	
0.454	-2.2621e-17	-0.00531587	-0.00531587	-0.0119699	-0.0119699	
0.455	-2.26202e-17	-0.00532784	-0.00532784	-0.0119699	-0.0119699	
0.456	-2.26203e-17	-0.00533981	-0.00533981	-0.0119699	-0.0119699	
0.457	-2.26184e-17	-0.00535178	-0.00535178	-0.0119699	-0.0119699	
0.458	-2.26205e-17	-0.00536375	-0.00536375	-0.0119699	-0.0119699	
0.459	-2.26221e-17	-0.00537572	-0.00537572	-0.0119699	-0.0119699	
0.46	-2.26228e-17	-0.00538769	-0.00538769	-0.0119699	-0.0119699	
0.461	-2.26201e-17	-0.00539966	-0.00539966	-0.0119699	-0.0119699	
0.462	-2.26201e-17	-0.00541163	-0.00541163	-0.0119699	-0.0119699	
0.463	-2.26216e-17	-0.0054236	-0.0054236	-0.0119699	-0.0119699	
0.464	-2.26204e-17	-0.00543557	-0.00543557	-0.0119699	-0.0119699	
0.465	-2.26209e-17	-0.00544754	-0.00544754	-0.0119699	-0.0119699	
0.466	-2.26227e-17	-0.00545951	-0.00545951	-0.0119699	-0.0119699	
0.467	-2.26206e-17	-0.00547148	-0.00547148	-0.0119699	-0.0119699	
0.468	-2.26207e-17	-0.00548345	-0.00548345	-0.0119699	-0.0119699	
0.469	-2.26216e-17	-0.00549542	-0.00549542	-0.0119699	-0.0119699	
0.47	-2.26214e-17	-0.00550739	-0.00550739	-0.0119699	-0.0119699	
0.471	-2.26231e-17	-0.00551936	-0.00551936	-0.0119699	-0.0119699	
0.472	-2.26207e-17	-0.00553133	-0.00553133	-0.0119699	-0.0119699	
0.473	-2.26195e-17	-0.0055433	-0.0055433	-0.0119699	-0.0119699	
0.474	-2.26198e-17	-0.00555527	-0.00555527	-0.0119699	-0.0119699	
0.475	-2.26218e-17	-0.00556724	-0.00556724	-0.0119699	-0.0119699	
0.476	-2.2624e-17	-0.00557921	-0.00557921	-0.0119699	-0.0119699	
0.477	-2.2624e-17	-0.00559118	-0.00559118	-0.0119699	-0.0119699	
0.478	-2.26201e-17	-0.00560315	-0.00560315	-0.0119699	-0.0119699	
0.479	-2.26194e-17	-0.00561511	-0.00561511	-0.0119699	-0.0119699	
0.48	-2.2619e-17	-0.00562708	-0.00562708	-0.0119699	-0.0119699	
0.481	-2.26211e-17	-0.00563905	-0.00563905	-0.0119699	-0.0119699	
0.482	-2.26234e-17	-0.00565102	-0.00565102	-0.0119699	-0.0119699	
0.483	-2.26198e-17	-0.00566299	-0.00566299	-0.0119699	-0.0119699	
0.484	-2.26202e-17	-0.00567496	-0.00567496	-0.0119699	-0.0119699	
0.485	-2.26212e-17	-0.00568693	-0.00568693	-0.0119699	-0.0119699	
0.486	-2.26227e-17	-0.0056989	-0.0056989	-0.0119699	-0.0119699	
0.487	-2.26233e-17	-0.00571087	-0.00571087	-0.0119699	-0.0119699	
0.488	-2.26208e-17	-0.00572284	-0.00572284	-0.0119699	-0.0119699	
0.489	-2.26199e-17	-0.00573481	-0.00573481	-0.0119699	-0.0119699	
0.49	-2.26202e-17	-0.00574678	-0.00574678	-0.0119699	-0.0119699	
0.491	-2.26226e-17	-0.00575875	-0.00575875	-0.0119699	-0.0119699	
0.492	-2.26228e-17	-0.00577072	-0.00577072	-0.0119699	-0.0119699	
0.493	-2.26241e-17	-0.00578269	-0.00578269	-0.0119699	-0.0119699	
0.494	-2.26237e-17	-0.00579466	-0.00579466	-0.0119699	-0.0119699	
0.495	-2.26212e-17	-0.00580663	-0.00580663	-0.0119699	-0.0119699	
0.496	-2.26205e-17	-0.0058186	-0.0058186	-0.0119699	-0.0119699	
0.497	-2.26201e-17	-0.00583057	-0.00583057	-0.0119699	-0.0119699	
0.498	-2.26209e-17	-0.00584254	-0.00584254	-0.0119699	-0.0119699	
0.499	-2.26189e-17	-0.00585451	-0.00585451	-0.0119699	-0.0119699	
0.5	-2.26202e-17	-0.00586648	-0.00586648	-0.0119699	-0.0119699	
0.501	-2.26225e-17	-0.00587845	-0.00587845	-0.0119699	-0.0119699	
0.502	-2.26225e-17	-0.00589042	-0.00589042	-0.0119699	-0.0119699	
0.503	-2.26229e-17	-0.00590239	-0.00590239	-0.0119699	-0.0119699	
0.504	-2.26197e-17	-0.00591436	-0.00591436	-0.0119699	-0.0119699	
0.505	-2.26195e-17	-0.00592633	-0.00592633	-0.0119699	-0.0119699	
0.506	-2.26208e-17	-0.0059383	-0.0059383	-0.0119699	-0.0119699	
0.507	-2.26212e-17	-0.00595027	-0.00595027	-0.0119699	-0.0119699	
0.508	-2.26227e-17	-0.00596224	-0.00596224	-0.0119699	-0.0119699	
0.509	-2.26333e-17	-0.00597421	-0.00597421	-0.0119699	-0.0119699	
0.51	-2.26327e-17	-0.00598618	-0.00598618	-0.0119699	-0.0119699	
0.511	-2.26304e-17	-0.00599815	-0.00599815	-0.0119699	-0.0119699	
0.512	-2.26279e-17	-0.00601012	-0.00601012	-0.0119699	-0.0119699	
0.513	-2.26234e-17	-0.00602209	-0.00602209	-0.0119699	-0.0119699	
0.514	-2.26227e-17	-0.00603406	-0.00603406	-0.0119699	-0.0119699	
0.515	-2.26223e-17	-0.00604603	-0.00604603	-0.0119699	-0.0119699	
0.516	-2.26235e-17	-0.006058	-0.006058	-0.0119699	-0.0119699	
0.517	-2.26245e-17	-0.00606997	-0.00606997	-0.0119699	-0.0119699	
0.518	-2.26233e-17	-0.00608194	-0.00608194	-0.0119699	-0.0119699	
0.519	-2.26206e-17	-0.00609391	-0.00609391	-0.0119699	-0.0119699	
0.52	-2.26196e-17	-0.00610588	-0.00610588	-0.0119699	-0.0119699	
0.521	-2.26198e-17	-0.00611785	-0.00611785	-0.0119699	-0.0119699	
0.522	-2.26219e-17	-0.00612982	-0.00612982	-0.0119699	-0.0119699	
0.523	-2.26239e-17	-0.00614179	-0.00614179	-0.0119699	-0.0119699	
0.524	-2.26239e-17	-0.00615376	-0.00615376	-0.0119699	-0.0119699	
0.525	-2.26213e-17	-0.00616573	-0.00616573	-0.0119699	-0.0119699	
0.526	-2.26211e-17	-0.0061777	-0.0061777	-0.0119699	-0.0119699	
0.527	-2.26218e-17	-0.00618967	-0.00618967	-0.0119699	-0.0119699	
0.528	-2.26212e-17	-0.00620164	-0.00620164	-0.0119699	-0.0119699	
0.529	-2.26224e-17	-0.00621361	-0.00621361	-0.0119699	-0.0119699	
0.53	-2.2623e-17	-0.00622558	-0.00622558	-0.0119699	-0.0119699	
0.531	-2.26203e-17	-0.00623755	-0.00623755	-0.0119699	-0.0119699	
0.532	-2.26193e-17	-0.00624952	-0.00624952	-0.0119699	-0.0119699	
0.533	-2.26204e-17	-0.00626149	-0.00626149	-0.0119699	-0.0119699	
0.534	-2.26212e-17	-0.00627346	-0.00627346	-0.0119699	-0.0119699	
0.535	-2.26223e-17	-0.00628543	-0.00628543	-0.0119699	-0.0119699	
0.536	-2.26207e-17	-0.0062974	-0.0062974	-0.0119699	-0.0119699	
0.537	-2.26205e-17	-0.00630937	-0.00630937	-0.0119699	-0.0119699	
0.538	-2.26206e-17	-0.00632134	-0.00632134	-0.0119699	-0.0119699	
0.539	-2.2622e-17	-0.00633331	-0.00633331	-0.0119699	-0.0119699	
0.54	-2.2619e-17	-0.00634528	-0.00634528	-0.0119699	-0.0119699	
0.541	-2.26196e-17	-0.00635725	-0.00635725	-0.0119699	-0.0119699	
0.542	-2.26209e-17	-0.00636922	-0.00636922	-0.0119699	-0.0119699	
0.543	-2.26208e-17	-0.00638119	-0.00638119	-0.0119699	-0.0119699	
0.544	-2.26206e-17	-0.00639316	-0.00639316	-0.0119699	-0.0119699	
0.545	-2.26213e-17	-0.00640513	-0.00640513	-0.0119699	-0.0119699	
0.546	-2.26236e-17	-0.0064171	-0.0064171	-0.0119699	-0.0119699	
0.547	-2.26241e-17	-0.00642907	-0.00642907	-0.0119699	-0.0119699	
0.548	-2.26204e-17	-0.00644104	-0.00644104	-0.0119699	-0.0119699	
0.549	-2.26198e-17	-0.00645301	-0.00645301	-0.0119699	-0.0119699	
0.55	-2.2621e-17	-0.00646498	-0.00646498	-0.0119699	-0.0119699	
0.551	-2.26214e-17	-0.00647695	-0.00647695	-0.0119699	-0.0119699	
0.552	-2.26193e-17	-0.00648892	-0.00648892	-0.0119699	-0.0119699	
0.553	-2.26217e-17	-0.00650089	-0.00650089	-0.0119699	-0.0119699	
0.554	-2.26233e-17	-0.00651286	-0.00651286	-0.0119699	-0.0119699	
0.555	-2.26223e-17	-0.00652483	-0.00652483	-0.0119699	-0.0119699	
0.556	-2.26222e-17	-0.0065368	-0.0065368	-0.0119699	-0.0119699	
0.557	-2.26202e-17	-0.00654877	-0.00654877	-0.0119699	-0.0119699	
0.558	-2.26201e-17	-0.00656074	-0.00656074	-0.0119699	-0.0119699	
0.559	-2.26208e-17	-0.00657271	-0.00657271	-0.0119699	-0.0119699	
0.56	-2.26203e-17	-0.00658468	-0.00658468	-0.0119699	-0.0119699	
0.561	-2.26216e-17	-0.00659665	-0.00659665	-0.0119699	-0.0119699	
0.562	-2.26236e-17	-0.00660862	-0.00660862	-0.0119699	-0.0119699	
0.563	-2.26247e-17	-0.00662059	-0.00662059	-0.0119699	-0.0119699	
0.564	-2.26217e-17	-0.00663256	-0.00663256	-0.0119699	-0.0119699	
0.565	-2.26191e-17	-0.00664453	-0.00664453	-0.0119699	-0.0119699	
0.566	-2.26216e-17	-0.0066565	-0.0066565	-0.0119699	-0.0119699	
0.567	-2.26228e-17	-0.00666847	-0.00666847	-0.0119699	-0.0119699	
0.568	-2.26201e-17	-0.00668044	-0.00668044	-0.0119699	-0.0119699	
0.569	-2.26207e-17	-0.00669241	-0.00669241	-0.0119699	-0.0119699	
0.57	-2.26222e-17	-0.00670438	-0.00670438	-0.0119699	-0.0119699	
0.571	-2.2621e-17	-0.00671635	-0.00671635	-0.0119699	-0.0119699	
0.572	-2.26228e-17	-0.00672832	-0.00672832	-0.0119699	-0.0119699	
0.573	-2.26206e-17	-0.00674029	-0.00674029	-0.0119699	-0.0119699	
0.574	-2.26211e-17	-0.00675226	-0.00675226	-0.0119699	-0.0119699	
0.575	-2.26215e-17	-0.00676423	-0.00676423	-0.0119699	-0.0119699	
0.576	-2.26211e-17	-0.0067762	-0.0067762	-0.0119699	-0.0119699	
0.577	-2.26225e-17	-0.00678816	-0.00678816	-0.0119699	-0.0119699	
0.578	-2.26229e-17	-0.00680013	-0.00680013	-0.0119699	-0.0119699	
0.579	-2.26238e-17	-0.0068121	-0.0068121	-0.0119699	-0.0119699	
0.58	-2.26239e-17	-0.00682407	-0.00682407	-0.0119699	-0.0119699	
0.581	-2.26219e-17	-0.00683604	-0.00683604	-0.0119699	-0.0119699	
0.582	-2.26202e-17	-0.00684801	-0.00684801	-0.0119699	-0.0119699	
0.583	-2.26211e-17	-0.00685998	-0.00685998	-0.0119699	-0.0119699	
0.584	-2.26191e-17	-0.00687195	-0.00687195	-0.0119699	-0.0119699	
0.585	-2.26199e-17	-0.00688392	-0.00688392	-0.0119699	-0.0119699	
0.586	-2.26216e-17	-0.00689589	-0.00689589	-0.0119699	-0.0119699	
0.587	-2.26209e-17	-0.00690786	-0.00690786	-0.0119699	-0.0119699	
0.588	-2.26221e-17	-0.00691983	-0.00691983	-0.0119699	-0.0119699	
0.589	-2.26203e-17	-0.0069318	-0.0069318	-0.0119699	-0.0119699	
0.59	-2.26208e-17	-0.00694377	-0.00694377	-0.0119699	-0.0119699	
0.591	-2.26214e-17	-0.00695574	-0.00695574	-0.0119699	-0.0119699	
0.592	-2.26193e-17	-0.00696771	-0.00696771	-0.0119699	-0.0119699	
0.593	-2.26215e-17	-0.00697968	-0.00697968	-0.0119699	-0.0119699	
0.594	-2.26223e-17	-0.00699165	-0.00699165	-0.0119699	-0.0119699	
0.595	-2.26233e-17	-0.00700362	-0.00700362	-0.0119699	-0.0119699	
0.596	-2.26232e-17	-0.00701559	-0.00701559	-0.0119699	-0.0119699	
0.597	-2.26232e-17	-0.00702756	-0.00702756	-0.0119699	-0.0119699	
0.598	-2.26236e-17	-0.00703953	-0.00703953	-0.0119699	-0.0119699	
0.599	-2.26205e-17	-0.0070515	-0.0070515	-0.0119699	-0.0119699	
0.6	-2.26195e-17	-0.00706347	-0.00706347	-0.0119699	-0.0119699	
0.601	-2.26201e-17	-0.00707544	-0.00707544	-0.0119699	-0.0119699	
0.602	-2.26222e-17	-0.00708741	-0.00708741	-0.0119699	-0.0119699	
0.603	-2.26221e-17	-0.00709938	-0.00709938	-0.0119699	-0.0119699	
0.604	-2.2632e-17	-0.00711135	-0.00711135	-0.0119699	-0.0119699	
0.605	-2.26307e-17	-0.00712332	-0.00712332	-0.0119699	-0.0119699	
0.606	-2.26294e-17	-0.00713529	-0.00713529	-0.0119699	-0.0119699	
0.607	-2.26253e-17	-0.00714726	-0.00714726	-0.0119699	-0.0119699	
0.608	-2.26213e-17	-0.00715923	-0.00715923	-0.0119699	-0.0119699	
0.609	-2.26229e-17	-0.0071712	-0.0071712	-0.0119699	-0.0119699	
0.61	-2.26244e-17	-0.00718317	-0.00718317	-0.0119699	-0.0119699	
0.611	-2.26243e-17	-0.00719514	-0.00719514	-0.0119699	-0.0119699	
0.612	-2.26208e-17	-0.00720711	-0.00720711	-0.0119699	-0.0119699	
0.613	-2.26203e-17	-0.00721908	-0.00721908	-0.0119699	-0.0119699	
0.614	-2.26205e-17	-0.00723105	-0.00723105	-0.0119699	-0.0119699	
0.615	-2.26215e-17	-0.00724302	-0.00724302	-0.0119699	-0.0119699	
0.616	-2.26232e-17	-0.00725499	-0.00725499	-0.0119699	-0.0119699	
0.617	-2.26205e-17	-0.00726696	-0.00726696	-0.0119699	-0.0119699	
0.618	-2.26202e-17	-0.00727893	-0.00727893	-0.0119699	-0.0119699	
0.619	-2.26219e-17	-0.0072909	-0.0072909	-0.0119699	-0.0119699	
0.62	-2.26212e-17	-0.00730287	-0.00730287	-0.0119699	-0.0119699	
0.621	-2.26229e-17	-0.00731484	-0.00731484	-0.0119699	-0.0119699	
0.622	-2.26231e-17	-0.00732681	-0.00732681	-0.0119699	-0.0119699	
0.623	-2.26202e-17	-0.00733878	-0.00733878	-0.0119699	-0.0119699	
0.624	-2.26204e-17	-0.00735075	-0.00735075	-0.0119699	-0.0119699	
0.625	-2.26206e-17	-0.00736272	-0.00736272	-0.0119699	-0.0119699	
0.626	-2.26224e-17	-0.00737469	-0.00737469	-0.0119699	-0.0119699	
0.627	-2.26245e-17	-0.00738666	-0.00738666	-0.0119699	-0.0119699	
0.628	-2.26245e-17	-0.00739863	-0.00739863	-0.0119699	-0.0119699	
0.629	-2.26212e-17	-0.0074106	-0.0074106	-0.0119699	-0.0119699	
0.63	-2.26211e-17	-0.00742257	-0.00742257	-0.0119699	-0.0119699	
0.631	-2.26219e-17	-0.00743454	-0.00743454	-0.0119699	-0.0119699	
0.632	-2.26221e-17	-0.00744651	-0.00744651	-0.0119699	-0.0119699	
0.633	-2.26229e-17	-0.00745848	-0.00745848	-0.0119699	-0.0119699	
0.634	-2.2623e-17	-0.00747045	-0.00747045	-0.0119699	-0.0119699	
0.635	-2.26201e-17	-0.00748242	-0.00748242	-0.0119699	-0.0119699	
0.636	-2.26196e-17	-0.00749439	-0.00749439	-0.0119699	-0.0119699	
0.637	-2.26207e-17	-0.00750636	-0.00750636	-0.0119699	-0.0119699	
0.638	-2.26213e-17	-0.00751833	-0.00751833	-0.0119699	-0.0119699	
0.639	-2.26225e-17	-0.0075303	-0.0075303	-0.0119699	-0.0119699	
0.64	-2.26233e-17	-0.00754227	-0.00754227	-0.0119699	-0.0119699	
0.641	-2.26239e-17	-0.00755424	-0.00755424	-0.0119699	-0.0119699	
0.642	-2.26243e-17	-0.00756621	-0.00756621	-0.0119699	-0.0119699	
0.643	-2.26215e-17	-0.00757818	-0.00757818	-0.0119699	-0.0119699	
0.644	-2.26209e-17	-0.00759015	-0.00759015	-0.0119699	-0.0119699	
0.645	-2.26211e-17	-0.00760212	-0.00760212	-0.0119699	-0.0119699	
0.646	-2.26186e-17	-0.00761409	-0.00761409	-0.0119699	-0.0119699	
0.647	-2.26212e-17	-0.00762606	-0.00762606	-0.0119699	-0.0119699	
0.648	-2.26231e-17	-0.00763803	-0.00763803	-0.0119699	-0.0119699	
0.649	-2.26232e-17	-0.00765	-0.00765	-0.0119699	-0.0119699	
0.65	-2.26233e-17	-0.00766197	-0.00766197	-0.0119699	-0.0119699	
0.651	-2.26214e-17	-0.00767394	-0.00767394	-0.0119699	-0.0119699	
0.652	-2.26325e-17	-0.00768591	-0.00768591	-0.0119699	-0.0119699	
0.653	-2.26324e-17	-0.00769788	-0.00769788	-0.0119699	-0.0119699	
0.654	-2.26311e-17	-0.00770985	-0.00770985	-0.0119699	-0.0119699	
0.655	-2.2628e-17	-0.00772182	-0.00772182	-0.0119699	-0.0119699	
0.656	-2.26228e-17	-0.00773379	-0.00773379	-0.0119699	-0.0119699	
0.657	-2.2622e-17	-0.00774576	-0.00774576	-0.0119699	-0.0119699	
0.658	-2.26223e-17	-0.00775773	-0.00775773	-0.0119699	-0.0119699	
0.659	-2.26223e-17	-0.0077697	-0.0077697	-0.0119699	-0.0119699	
0.66	-2.26236e-17	-0.00778167	-0.00778167	-0.0119699	-0.0119699	
0.661	-2.26246e-17	-0.00779364	-0.00779364	-0.0119699	-0.0119699	
0.662	-2.26238e-17	-0.00780561	-0.00780561	-0.0119699	-0.0119699	
0.663	-2.23469e-17	-0.00781758	-0.00781758	-0.0119699	-0.0119699	
0.664	-2.24201e-17	-0.00782955	-0.00782955	-0.0119699	-0.0119699	
0.665	-2.23662e-17	-0.00784152	-0.00784152	-0.0119699	-0.0119699	
0.666	-2.24174e-17	-0.00785349	-0.00785349	-0.0119699	-0.0119699	
0.667	-2.24144e-17	-0.00786546	-0.00786546	-0.0119699	-0.0119699	
0.668	-2.24129e-17	-0.00787743	-0.00787743	-0.0119699	-0.0119699	
0.669	-2.24166e-17	-0.0078894	-0.0078894	-0.0119699	-0.0119699	
0.67	-2.24108e-17	-0.00790137	-0.00790137	-0.0119699	-0.0119699	
0.671	-2.24165e-17	-0.00791334	-0.00791334	-0.0119699	-0.0119699	
0.672	-2.2412e-17	-0.00792531	-0.00792531	-0.0119699	-0.0119699	
0.673	-2.24185e-17	-0.00793728	-0.00793728	-0.0119699	-0.0119699	
0.674	-2.24275e-17	-0.00794925	-0.00794925	-0.0119699	-0.0119699	
0.675	-2.24146e-17	-0.00796121	-0.00796121	-0.0119699	-0.0119699	
0.676	-2.24221e-17	-0.00797318	-0.00797318	-0.0119699	-0.0119699	
0.677	-2.24166e-17	-0.00798515	-0.00798515	-0.0119699	-0.0119699	
0.678	-2.24197e-17	-0.00799712	-0.00799712	-0.0119699	-0.0119699	
0.679	-2.24106e-17	-0.00800909	-0.00800909	-0.0119699	-0.0119699	
0.68	-2.24158e-17	-0.00802106	-0.00802106	-0.0119699	-0.0119699	
0.681	-2.24152e-17	-0.00803303	-0.00803303	-0.0119699	-0.0119699	
0.682	-2.24217e-17	-0.008045	-0.008045	-0.0119699	-0.0119699	
0.683	-2.24115e-17	-0.00805697	-0.00805697	-0.0119699	-0.0119699	
0.684	-2.24152e-17	-0.00806894	-0.00806894	-0.0119699	-0.0119699	
0.685	-2.24134e-17	-0.00808091	-0.00808091	-0.0119699	-0.0119699	
0.686	-2.24201e-17	-0.00809288	-0.00809288	-0.0119699	-0.0119699	
0.687	-2.24161e-17	-0.00810485	-0.00810485	-0.0119699	-0.0119699	
0.688	-2.2418e-17	-0.00811682	-0.00811682	-0.0119699	-0.0119699	
0.689	-2.24104e-17	-0.00812879	-0.00812879	-0.0119699	-0.0119699	
0.69	-2.2415e-17	-0.00814076	-0.00814076	-0.0119699	-0.0119699	
0.691	-2.24113e-17	-0.00815273	-0.00815273	-0.0119699	-0.0119699	
0.692	-2.24156e-17	-0.0081647	-0.0081647	-0.0119699	-0.0119699	
0.693	-2.24099e-17	-0.00817667	-0.00817667	-0.0119699	-0.0119699	
0.694	-2.24161e-17	-0.00818864	-0.00818864	-0.0119699	-0.0119699	
0.695	-2.24143e-17	-0.00820061	-0.00820061	-0.0119699	-0.0119699	
0.696	-2.24207e-17	-0.00821258	-0.00821258	-0.0119699	-0.0119699	
0.697	-2.24159e-17	-0.00822455	-0.00822455	-0.0119699	-0.0119699	
0.698	-2.24186e-17	-0.00823652	-0.00823652	-0.0119699	-0.0119699	
0.699	-2.24135e-17	-0.00824849	-0.00824849	-0.0119699	-0.0119699	
0.7	-2.2419e-17	-0.00826046	-0.00826046	-0.0119699	-0.0119699	
0.701	-2.24128e-17	-0.00827243	-0.00827243	-0.0119699	-0.0119699	
0.702	-2.24172e-17	-0.0082844	-0.0082844	-0.0119699	-0.0119699	
0.703	-2.24151e-17	-0.00829637	-0.00829637	-0.0119699	-0.0119699	
0.704	-2.24199e-17	-0.00830834	-0.00830834	-0.0119699	-0.0119699	
0.705	-2.2413e-17	-0.00832031	-0.00832031	-0.0119699	-0.0119699	
0.706	-2.24157e-17	-0.00833228	-0.00833228	-0.0119699	-0.0119699	
0.707	-2.24131e-17	-0.00834425	-0.00834425	-0.0119699	-0.0119699	
0.708	-2.24185e-17	-0.00835622	-0.00835622	-0.0119699	-0.0119699	
0.709	-2.24139e-17	-0.00836819	-0.00836819	-0.0119699	-0.0119699	
0.71	-2.24181e-17	-0.00838016	-0.00838016	-0.0119699	-0.0119699	
0.711	-2.24125e-17	-0.00839213	-0.00839213	-0.0119699	-0.0119699	
0.712	-2.24185e-17	-0.0084041	-0.0084041	-0.0119699	-0.0119699	
0.713	-2.24115e-17	-0.00841607	-0.00841607	-0.0119699	-0.0119699	
0.714	-2.24184e-17	-0.00842804	-0.00842804	-0.0119699	-0.0119699	
0.715	-2.24132e-17	-0.00844001	-0.00844001	-0.0119699	-0.0119699	
0.716	-2.24175e-17	-0.00845198	-0.00845198	-0.0119699	-0.0119699	
0.717	-2.24144e-17	-0.00846395	-0.00846395	-0.0119699	-0.0119699	
0.718	-2.24198e-17	-0.00847592	-0.00847592	-0.0119699	-0.0119699	
0.719	-2.24115e-17	-0.00848789	-0.00848789	-0.0119699	-0.0119699	
0.72	-2.24171e-17	-0.00849986	-0.00849986	-0.0119699	-0.0119699	
0.721	-2.24131e-17	-0.00851183	-0.00851183	-0.0119699	-0.0119699	
0.722	-2.24184e-17	-0.0085238	-0.0085238	-0.0119699	-0.0119699	
0.723	-2.24133e-17	-0.00853577	-0.00853577	-0.0119699	-0.0119699	
0.724	-2.24169e-17	-0.00854774	-0.00854774	-0.0119699	-0.0119699	
0.725	-2.24157e-17	-0.00855971	-0.00855971	-0.0119699	-0.0119699	
0.726	-2.2421e-17	-0.00857168	-0.00857168	-0.0119699	-0.0119699	
0.727	-2.24161e-17	-0.00858365	-0.00858365	-0.0119699	-0.0119699	
0.728	-2.24188e-17	-0.00859562	-0.00859562	-0.0119699	-0.0119699	
0.729	-2.2413e-17	-0.00860759	-0.00860759	-0.0119699	-0.0119699	
0.73	-2.24185e-17	-0.00861956	-0.00861956	-0.0119699	-0.0119699	
0.731	-2.24129e-17	-0.00863153	-0.00863153	-0.0119699	-0.0119699	
0.732	-2.24182e-17	-0.0086435	-0.0086435	-0.0119699	-0.0119699	
0.733	-2.24131e-17	-0.00865547	-0.00865547	-0.0119699	-0.0119699	
0.734	-2.24175e-17	-0.00866744	-0.00866744	-0.0119699	-0.0119699	
0.735	-2.24154e-17	-0.00867941	-0.00867941	-0.0119699	-0.0119699	
0.736	-2.24209e-17	-0.00869138	-0.00869138	-0.0119699	-0.0119699	
0.737	-2.24162e-17	-0.00870335	-0.00870335	-0.0119699	-0.0119699	
0.738	-2.24212e-17	-0.00871532	-0.00871532	-0.0119699	-0.0119699	
0.739	-2.24131e-17	-0.00872729	-0.00872729	-0.0119699	-0.0119699	
0.74	-2.24186e-17	-0.00873926	-0.00873926	-0.0119699	-0.0119699	
0.741	-2.24151e-17	-0.00875123	-0.00875123	-0.0119699	-0.0119699	
0.742	-2.24191e-17	-0.0087632	-0.0087632	-0.0119699	-0.0119699	
0.743	-2.24115e-17	-0.00877517	-0.00877517	-0.0119699	-0.0119699	
0.744	-2.24165e-17	-0.00878714	-0.00878714	-0.0119699	-0.0119699	
0.745	-2.24122e-17	-0.00879911	-0.00879911	-0.0119699	-0.0119699	
0.746	-2.24194e-17	-0.00881108	-0.00881108	-0.0119699	-0.0119699	
0.747	-2.2415e-17	-0.00882305	-0.00882305	-0.0119699	-0.0119699	
0.748	-2.24165e-17	-0.00883502	-0.00883502	-0.0119699	-0.0119699	
0.749	-2.24096e-17	-0.00884699	-0.00884699	-0.0119699	-0.0119699	
0.75	-2.2416e-17	-0.00885896	-0.00885896	-0.0119699	-0.0119699	
0.751	-2.24134e-17	-0.00887093	-0.00887093	-0.0119699	-0.0119699	
0.752	-2.24161e-17	-0.0088829	-0.0088829	-0.0119699	-0.0119699	
0.753	-2.24115e-17	-0.00889487	-0.00889487	-0.0119699	-0.0119699	
0.754	-2.24161e-17	-0.00890684	-0.00890684	-0.0119699	-0.0119699	
0.755	-2.24131e-17	-0.00891881	-0.00891881	-0.0119699	-0.0119699	
0.756	-2.24177e-17	-0.00893078	-0.00893078	-0.0119699	-0.0119699	
0.757	-2.24128e-17	-0.00894275	-0.00894275	-0.0119699	-0.0119699	
0.758	-2.24181e-17	-0.00895472	-0.00895472	-0.0119699	-0.0119699	
0.759	-2.24164e-17	-0.00896669	-0.00896669	-0.0119699	-0.0119699	
0.76	-2.24216e-17	-0.00897866	-0.00897866	-0.0119699	-0.0119699	
0.761	-2.24143e-17	-0.00899063	-0.00899063	-0.0119699	-0.0119699	
0.762	-2.24175e-17	-0.0090026	-0.0090026	-0.0119699	-0.0119699	
0.763	-2.24134e-17	-0.00901457	-0.00901457	-0.0119699	-0.0119699	
0.764	-2.24187e-17	-0.00902654	-0.00902654	-0.0119699	-0.0119699	
0.765	-2.24157e-17	-0.00903851	-0.00903851	-0.0119699	-0.0119699	
0.766	-2.24197e-17	-0.00905048	-0.00905048	-0.0119699	-0.0119699	
0.767	-2.24129e-17	-0.00906245	-0.00906245	-0.0119699	-0.0119699	
0.768	-2.24158e-17	-0.00907442	-0.00907442	-0.0119699	-0.0119699	
0.769	-2.24129e-17	-0.00908639	-0.00908639	-0.0119699	-0.0119699	
0.77	-2.24197e-17	-0.00909836	-0.00909836	-0.0119699	-0.0119699	
0.771	-2.24157e-17	-0.00911033	-0.00911033	-0.0119699	-0.0119699	
0.772	-2.24182e-17	-0.0091223	-0.0091223	-0.0119699	-0.0119699	
0.773	-2.2411e-17	-0.00913426	-0.00913426	-0.0119699	-0.0119699	
0.774	-2.24148e-17	-0.00914623	-0.00914623	-0.0119699	-0.0119699	
0.775	-2.24107e-17	-0.0091582	-0.0091582	-0.0119699	-0.0119699	
0.776	-2.24186e-17	-0.00917017	-0.00917017	-0.0119699	-0.0119699	
0.777	-2.24136e-17	-0.00918214	-0.00918214	-0.0119699	-0.0119699	
0.778	-2.24173e-17	-0.00919411	-0.00919411	-0.0119699	-0.0119699	
0.779	-2.24121e-17	-0.00920608	-0.00920608	-0.0119699	-0.0119699	
0.78	-2.24175e-17	-0.00921805	-0.00921805	-0.0119699	-0.0119699	
0.781	-2.24157e-17	-0.00923002	-0.00923002	-0.0119699	-0.0119699	
0.782	-2.24218e-17	-0.00924199	-0.00924199	-0.0119699	-0.0119699	
0.783	-2.24159e-17	-0.00925396	-0.00925396	-0.0119699	-0.0119699	
0.784	-2.24199e-17	-0.00926593	-0.00926593	-0.0119699	-0.0119699	
0.785	-2.24123e-17	-0.0092779	-0.0092779	-0.0119699	-0.0119699	
0.786	-2.24187e-17	-0.00928987	-0.00928987	-0.0119699	-0.0119699	
0.787	-2.24137e-17	-0.00930184	-0.00930184	-0.0119699	-0.0119699	
0.788	-2.2418e-17	-0.00931381	-0.00931381	-0.0119699	-0.0119699	
0.789	-2.24125e-17	-0.00932578	-0.00932578	-0.0119699	-0.0119699	
0.79	-2.24169e-17	-0.00933775	-0.00933775	-0.0119699	-0.0119699	
0.791	-2.24142e-17	-0.00934972	-0.00934972	-0.0119699	-0.0119699	
0.792	-2.24212e-17	-0.00936169	-0.00936169	-0.0119699	-0.0119699	
0.793	-2.24139e-17	-0.00937366	-0.00937366	-0.0119699	-0.0119699	
0.794	-2.24186e-17	-0.00938563	-0.00938563	-0.0119699	-0.0119699	
0.795	-2.24118e-17	-0.0093976	-0.0093976	-0.0119699	-0.0119699	
0.796	-2.24186e-17	-0.00940957	-0.00940957	-0.0119699	-0.0119699	
0.797	-2.24145e-17	-0.00942154	-0.00942154	-0.0119699	-0.0119699	
0.798	-2.24199e-17	-0.00943351	-0.00943351	-0.0119699	-0.0119699	
0.799	-2.24117e-17	-0.00944548	-0.00944548	-0.0119699	-0.0119699	
0.8	-2.24184e-17	-0.00945745	-0.00945745	-0.0119699	-0.0119699	
0.801	-2.24131e-17	-0.00946942	-0.00946942	-0.0119699	-0.0119699	
0.802	-2.24167e-17	-0.00948139	-0.00948139	-0.0119699	-0.0119699	
0.803	-2.24147e-17	-0.00949336	-0.00949336	-0.0119699	-0.0119699	
0.804	-2.24203e-17	-0.00950533	-0.00950533	-0.0119699	-0.0119699	
0.805	-2.24136e-17	-0.0095173	-0.0095173	-0.0119699	-0.0119699	
0.806	-2.24146e-17	-0.00952927	-0.00952927	-0.0119699	-0.0119699	
0.807	-2.24117e-17	-0.00954124	-0.00954124	-0.0119699	-0.0119699	
0.808	-2.24207e-17	-0.00955321	-0.00955321	-0.0119699	-0.0119699	
0.809	-2.2417e-17	-0.00956518	-0.00956518	-0.0119699	-0.0119699	
0.81	-2.24197e-17	-0.00957715	-0.00957715	-0.0119699	-0.0119699	
0.811	-2.2415e-17	-0.00958912	-0.00958912	-0.0119699	-0.0119699	
0.812	-2.242e-17	-0.00960109	-0.00960109	-0.0119699	-0.0119699	
0.813	-2.24135e-17	-0.00961306	-0.00961306	-0.0119699	-0.0119699	
0.814	-2.24181e-17	-0.00962503	-0.00962503	-0.0119699	-0.0119699	
0.815	-2.24135e-17	-0.009637	-0.009637	-0.0119699	-0.0119699	
0.816	-2.24187e-17	-0.00964897	-0.00964897	-0.0119699	-0.0119699	
0.817	-2.24179e-17	-0.00966094	-0.00966094	-0.0119699	-0.0119699	
0.818	-2.24182e-17	-0.00967291	-0.00967291	-0.0119699	-0.0119699	
0.819	-2.24093e-17	-0.00968488	-0.00968488	-0.0119699	-0.0119699	
0.82	-2.24171e-17	-0.00969685	-0.00969685	-0.0119699	-0.0119699	
0.821	-2.2412e-17	-0.00970882	-0.00970882	-0.0119699	-0.0119699	
0.822	-2.24159e-17	-0.00972079	-0.00972079	-0.0119699	-0.0119699	
0.823	-2.24138e-17	-0.00973276	-0.00973276	-0.0119699	-0.0119699	
0.824	-2.24181e-17	-0.00974473	-0.00974473	-0.0119699	-0.0119699	
0.825	-2.24124e-17	-0.0097567	-0.0097567	-0.0119699	-0.0119699	
0.826	-2.24164e-17	-0.00976867	-0.00976867	-0.0119699	-0.0119699	
0.827	-2.24145e-17	-0.00978064	-0.00978064	-0.0119699	-0.0119699	
0.828	-2.24214e-17	-0.00979261	-0.00979261	-0.0119699	-0.0119699	
0.829	-2.24118e-17	-0.00980458	-0.00980458	-0.0119699	-0.0119699	
0.83	-2.24176e-17	-0.00981655	-0.00981655	-0.0119699	-0.0119699	
0.831	-2.24144e-17	-0.00982852	-0.00982852	-0.0119699	-0.0119699	
0.832	-2.24166e-17	-0.00984049	-0.00984049	-0.0119699	-0.0119699	
0.833	-2.24102e-17	-0.00985246	-0.00985246	-0.0119699	-0.0119699	
0.834	-2.24177e-17	-0.00986443	-0.00986443	-0.0119699	-0.0119699	
0.835	-2.24149e-17	-0.0098764	-0.0098764	-0.0119699	-0.0119699	
0.836	-2.24204e-17	-0.00988837	-0.00988837	-0.0119699	-0.0119699	
0.837	-2.24123e-17	-0.00990034	-0.00990034	-0.0119699	-0.0119699	
0.838	-2.24179e-17	-0.00991231	-0.00991231	-0.0119699	-0.0119699	
0.839	-2.24142e-17	-0.00992428	-0.00992428	-0.0119699	-0.0119699	
0.84	-2.24173e-17	-0.00993625	-0.00993625	-0.0119699	-0.0119699	
0.841	-2.24116e-17	-0.00994822	-0.00994822	-0.0119699	-0.0119699	
0.842	-2.24161e-17	-0.00996019	-0.00996019	-0.0119699	-0.0119699	
0.843	-2.24121e-17	-0.00997216	-0.00997216	-0.0119699	-0.0119699	
0.844	-2.24152e-17	-0.00998413	-0.00998413	-0.0119699	-0.0119699	
0.845	-2.24116e-17	-0.0099961	-0.0099961	-0.0119699	-0.0119699	
0.846	-2.2417e-17	-0.0100081	-0.0100081	-0.0119699	-0.0119699	
0.847	-2.2412e-17	-0.01002	-0.01002	-0.0119699	-0.0119699	
0.848	-2.24191e-17	-0.010032	-0.010032	-0.0119699	-0.0119699	
0.849	-2.24131e-17	-0.010044	-0.010044	-0.0119699	-0.0119699	
0.85	-2.24174e-17	-0.0100559	-0.0100559	-0.0119699	-0.0119699	
0.851	-2.24132e-17	-0.0100679	-0.0100679	-0.0119699	-0.0119699	
0.852	-2.24185e-17	-0.0100799	-0.0100799	-0.0119699	-0.0119699	
0.853	-2.24136e-17	-0.0100919	-0.0100919	-0.0119699	-0.0119699	
0.854	-2.24185e-17	-0.0101038	-0.0101038	-0.0119699	-0.0119699	
0.855	-2.24121e-17	-0.0101158	-0.0101158	-0.0119699	-0.0119699	
0.856	-2.24185e-17	-0.0101278	-0.0101278	-0.0119699	-0.0119699	
0.857	-2.24123e-17	-0.0101397	-0.0101397	-0.0119699	-0.0119699	
0.858	-2.24179e-17	-0.0101517	-0.0101517	-0.0119699	-0.0119699	
0.859	-2.24156e-17	-0.0101637	-0.0101637	-0.0119699	-0.0119699	
0.86	-2.24216e-17	-0.0101756	-0.0101756	-0.0119699	-0.0119699	
0.861	-2.24116e-17	-0.0101876	-0.0101876	-0.0119699	-0.0119699	
0.862	-2.24158e-17	-0.0101996	-0.0101996	-0.0119699	-0.0119699	
0.863	-2.24113e-17	-0.0102116	-0.0102116	-0.0119699	-0.0119699	
0.864	-2.24189e-17	-0.0102235	-0.0102235	-0.0119699	-0.0119699	
0.865	-2.24146e-17	-0.0102355	-0.0102355	-0.0119699	-0.0119699	
0.866	-2.24163e-17	-0.0102475	-0.0102475	-0.0119699	-0.0119699	
0.867	-2.24092e-17	-0.0102594	-0.0102594	-0.0119699	-0.0119699	
0.868	-2.24138e-17	-0.0102714	-0.0102714	-0.0119699	-0.0119699	
0.869	-2.24119e-17	-0.0102834	-0.0102834	-0.0119699	-0.0119699	
0.87	-2.24168e-17	-0.0102953	-0.0102953	-0.0119699	-0.0119699	
0.871	-2.24142e-17	-0.0103073	-0.0103073	-0.0119699	-0.0119699	
0.872	-2.24168e-17	-0.0103193	-0.0103193	-0.0119699	-0.0119699	
0.873	-2.24136e-17	-0.0103313	-0.0103313	-0.0119699	-0.0119699	
0.874	-2.24217e-17	-0.0103432	-0.0103432	-0.0119699	-0.0119699	
0.875	-2.2413e-17	-0.0103552	-0.0103552	-0.0119699	-0.0119699	
0.876	-2.24148e-17	-0.0103672	-0.0103672	-0.0119699	-0.0119699	
0.877	-2.24129e-17	-0.0103791	-0.0103791	-0.0119699	-0.0119699	
0.878	-2.24192e-17	-0.0103911	-0.0103911	-0.0119699	-0.0119699	
0.879	-2.2413e-17	-0.0104031	-0.0104031	-0.0119699	-0.0119699	
0.88	-2.24175e-17	-0.010415	-0.010415	-0.0119699	-0.0119699	
0.881	-2.24105e-17	-0.010427	-0.010427	-0.0119699	-0.0119699	
0.882	-2.24187e-17	-0.010439	-0.010439	-0.0119699	-0.0119699	
0.883	-2.2414e-17	-0.010451	-0.010451	-0.0119699	-0.0119699	
0.884	-2.24182e-17	-0.0104629	-0.0104629	-0.0119699	-0.0119699	
0.885	-2.24137e-17	-0.0104749	-0.0104749	-0.0119699	-0.0119699	
0.886	-2.24169e-17	-0.0104869	-0.0104869	-0.0119699	-0.0119699	
0.887	-2.24138e-17	-0.0104988	-0.0104988	-0.0119699	-0.0119699	
0.888	-2.24211e-17	-0.0105108	-0.0105108	-0.0119699	-0.0119699	
0.889	-2.24132e-17	-0.0105228	-0.0105228	-0.0119699	-0.0119699	
0.89	-2.24179e-17	-0.0105347	-0.0105347	-0.0119699	-0.0119699	
0.891	-2.24151e-17	-0.0105467	-0.0105467	-0.0119699	-0.0119699	
0.892	-2.24203e-17	-0.0105587	-0.0105587	-0.0119699	-0.0119699	
0.893	-2.24134e-17	-0.0105707	-0.0105707	-0.0119699	-0.0119699	
0.894	-2.24177e-17	-0.0105826	-0.0105826	-0.0119699	-0.0119699	
0.895	-2.24143e-17	-0.0105946	-0.0105946	-0.0119699	-0.0119699	
0.896	-2.24204e-17	-0.0106066	-0.0106066	-0.0119699	-0.0119699	
0.897	-2.2412e-17	-0.0106185	-0.0106185	-0.0119699	-0.0119699	
0.898	-2.24193e-17	-0.0106305	-0.0106305	-0.0119699	-0.0119699	
0.899	-2.24155e-17	-0.0106425	-0.0106425	-0.0119699	-0.0119699	
0.9	-2.24176e-17	-0.0106544	-0.0106544	-0.0119699	-0.0119699	
0.901	-2.24099e-17	-0.0106664	-0.0106664	-0.0119699	-0.0119699	
0.902	-2.24138e-17	-0.0106784	-0.0106784	-0.0119699	-0.0119699	
0.903	-2.24126e-17	-0.0106904	-0.0106904	-0.0119699	-0.0119699	
0.904	-2.24172e-17	-0.0107023	-0.0107023	-0.0119699	-0.0119699	
0.905	-2.24129e-17	-0.0107143	-0.0107143	-0.0119699	-0.0119699	
0.906	-2.24195e-17	-0.0107263	-0.0107263	-0.0119699	-0.0119699	
0.907	-2.24119e-17	-0.0107382	-0.0107382	-0.0119699	-0.0119699	
0.908	-2.24191e-17	-0.0107502	-0.0107502	-0.0119699	-0.0119699	
0.909	-2.24161e-17	-0.0107622	-0.0107622	-0.0119699	-0.0119699	
0.91	-2.24187e-17	-0.0107741	-0.0107741	-0.0119699	-0.0119699	
0.911	-2.24101e-17	-0.0107861	-0.0107861	-0.0119699	-0.0119699	
0.912	-2.24166e-17	-0.0107981	-0.0107981	-0.0119699	-0.0119699	
0.913	-2.24177e-17	-0.0108101	-0.0108101	-0.0119699	-0.0119699	
0.914	-2.24218e-17	-0.010822	-0.010822	-0.0119699	-0.0119699	
0.915	-2.24162e-17	-0.010834	-0.010834	-0.0119699	-0.0119699	
0.916	-2.24195e-17	-0.010846	-0.010846	-0.0119699	-0.0119699	
0.917	-2.24118e-17	-0.0108579	-0.0108579	-0.0119699	-0.0119699	
0.918	-2.24185e-17	-0.0108699	-0.0108699	-0.0119699	-0.0119699	
0.919	-2.24172e-17	-0.0108819	-0.0108819	-0.0119699	-0.0119699	
0.92	-2.24224e-17	-0.0108938	-0.0108938	-0.0119699	-0.0119699	
0.921	-2.2415e-17	-0.0109058	-0.0109058	-0.0119699	-0.0119699	
0.922	-2.24185e-17	-0.0109178	-0.0109178	-0.0119699	-0.0119699	
0.923	-2.24125e-17	-0.0109297	-0.0109297	-0.0119699	-0.0119699	
0.924	-2.24179e-17	-0.0109417	-0.0109417	-0.0119699	-0.0119699	
0.925	-2.24173e-17	-0.0109537	-0.0109537	-0.0119699	-0.0119699	
0.926	-2.24185e-17	-0.0109657	-0.0109657	-0.0119699	-0.0119699	
0.927	-2.2412e-17	-0.0109776	-0.0109776	-0.0119699	-0.0119699	
0.928	-2.24166e-17	-0.0109896	-0.0109896	-0.0119699	-0.0119699	
0.929	-2.24126e-17	-0.0110016	-0.0110016	-0.0119699	-0.0119699	
0.93	-2.24183e-17	-0.0110135	-0.0110135	-0.0119699	-0.0119699	
0.931	-2.24146e-17	-0.0110255	-0.0110255	-0.0119699	-0.0119699	
0.932	-2.24187e-17	-0.0110375	-0.0110375	-0.0119699	-0.0119699	
0.933	-2.24122e-17	-0.0110494	-0.0110494	-0.0119699	-0.0119699	
0.934	-2.24177e-17	-0.0110614	-0.0110614	-0.0119699	-0.0119699	
0.935	-2.24152e-17	-0.0110734	-0.0110734	-0.0119699	-0.0119699	
0.936	-2.24181e-17	-0.0110854	-0.0110854	-0.0119699	-0.0119699	
0.937	-2.24094e-17	-0.0110973	-0.0110973	-0.0119699	-0.0119699	
0.938	-2.24137e-17	-0.0111093	-0.0111093	-0.0119699	-0.0119699	
0.939	-2.24134e-17	-0.0111213	-0.0111213	-0.0119699	-0.0119699	
0.94	-2.24196e-17	-0.0111332	-0.0111332	-0.0119699	-0.0119699	
0.941	-2.24157e-17	-0.0111452	-0.0111452	-0.0119699	-0.0119699	
0.942	-2.24165e-17	-0.0111572	-0.0111572	-0.0119699	-0.0119699	
0.943	-2.24097e-17	-0.0111691	-0.0111691	-0.0119699	-0.0119699	
0.944	-2.24166e-17	-0.0111811	-0.0111811	-0.0119699	-0.0119699	
0.945	-2.24129e-17	-0.0111931	-0.0111931	-0.0119699	-0.0119699	
0.946	-2.24184e-17	-0.0112051	-0.0112051	-0.0119699	-0.0119699	
0.947	-2.24148e-17	-0.011217	-0.011217	-0.0119699	-0.0119699	
0.948	-2.24188e-17	-0.011229	-0.011229	-0.0119699	-0.0119699	
0.949	-2.24117e-17	-0.011241	-0.011241	-0.0119699	-0.0119699	
0.95	-2.2418e-17	-0.0112529	-0.0112529	-0.0119699	-0.0119699	
0.951	-2.24157e-17	-0.0112649	-0.0112649	-0.0119699	-0.0119699	
0.952	-2.24203e-17	-0.0112769	-0.0112769	-0.0119699	-0.0119699	
0.953	-2.24128e-17	-0.0112888	-0.0112888	-0.0119699	-0.0119699	
0.954	-2.24147e-17	-0.0113008	-0.0113008	-0.0119699	-0.0119699	
0.955	-2.24131e-17	-0.0113128	-0.0113128	-0.0119699	-0.0119699	
0.956	-2.24189e-17	-0.0113248	-0.0113248	-0.0119699	-0.0119699	
0.957	-2.24143e-17	-0.0113367	-0.0113367	-0.0119699	-0.0119699	
0.958	-2.24177e-17	-0.0113487	-0.0113487	-0.0119699	-0.0119699	
0.959	-2.24125e-17	-0.0113607	-0.0113607	-0.0119699	-0.0119699	
0.96	-2.24193e-17	-0.0113726	-0.0113726	-0.0119699	-0.0119699	
0.961	-2.24118e-17	-0.0113846	-0.0113846	-0.0119699	-0.0119699	
0.962	-2.24189e-17	-0.0113966	-0.0113966	-0.0119699	-0.0119699	
0.963	-2.24145e-17	-0.0114085	-0.0114085	-0.0119699	-0.0119699	
0.964	-2.24186e-17	-0.0114205	-0.0114205	-0.0119699	-0.0119699	
0.965	-2.24135e-17	-0.0114325	-0.0114325	-0.0119699	-0.0119699	
0.966	-2.24181e-17	-0.0114445	-0.0114445	-0.0119699	-0.0119699	
0.967	-2.24126e-17	-0.0114564	-0.0114564	-0.0119699	-0.0119699	
0.968	-2.24167e-17	-0.0114684	-0.0114684	-0.0119699	-0.0119699	
0.969	-2.24143e-17	-0.0114804	-0.0114804	-0.0119699	-0.0119699	
0.97	-2.24213e-17	-0.0114923	-0.0114923	-0.0119699	-0.0119699	
0.971	-2.24145e-17	-0.0115043	-0.0115043	-0.0119699	-0.0119699	
0.972	-2.24174e-17	-0.0115163	-0.0115163	-0.0119699	-0.0119699	
0.973	-2.2413e-17	-0.0115282	-0.0115282	-0.0119699	-0.0119699	
0.974	-2.24168e-17	-0.0115402	-0.0115402	-0.0119699	-0.0119699	
0.975	-2.2413e-17	-0.0115522	-0.0115522	-0.0119699	-0.0119699	
0.976	-2.24185e-17	-0.0115642	-0.0115642	-0.0119699	-0.0119699	
0.977	-2.24135e-17	-0.0115761	-0.0115761	-0.0119699	-0.0119699	
0.978	-2.24173e-17	-0.0115881	-0.0115881	-0.0119699	-0.0119699	
0.979	-2.24148e-17	-0.0116001	-0.0116001	-0.0119699	-0.0119699	
0.98	-2.24208e-17	-0.011612	-0.011612	-0.0119699	-0.0119699	
0.981	-2.24147e-17	-0.011624	-0.011624	-0.0119699	-0.0119699	
0.982	-2.24185e-17	-0.011636	-0.011636	-0.0119699	-0.0119699	
0.983	-2.2413e-17	-0.0116479	-0.0116479	-0.0119699	-0.0119699	
0.984	-2.24184e-17	-0.0116599	-0.0116599	-0.0119699	-0.0119699	
0.985	-2.24147e-17	-0.0116719	-0.0116719	-0.0119699	-0.0119699	
0.986	-2.24186e-17	-0.0116839	-0.0116839	-0.0119699	-0.0119699	
0.987	-2.24127e-17	-0.0116958	-0.0116958	-0.0119699	-0.0119699	
0.988	-2.24192e-17	-0.0117078	-0.0117078	-0.0119699	-0.0119699	
0.989	-2.24149e-17	-0.0117198	-0.0117198	-0.0119699	-0.0119699	
0.99	-2.24198e-17	-0.0117317	-0.0117317	-0.0119699	-0.0119699	
0.991	-2.24125e-17	-0.0117437	-0.0117437	-0.0119699	-0.0119699	
0.992	-2.24173e-17	-0.0117557	-0.0117557	-0.0119699	-0.0119699	
0.993	-2.24143e-17	-0.0117676	-0.0117676	-0.0119699	-0.0119699	
0.994	-2.2419e-17	-0.0117796	-0.0117796	-0.0119699	-0.0119699	
0.995	-2.24123e-17	-0.0117916	-0.0117916	-0.0119699	-0.0119699	
0.996	-2.24171e-17	-0.0118036	-0.0118036	-0.0119699	-0.0119699	
0.997	-2.24136e-17	-0.0118155	-0.0118155	-0.0119699	-0.0119699	
0.998	-2.24202e-17	-0.0118275	-0.0118275	-0.0119699	-0.0119699	
0.999	-2.24126e-17	-0.0118395	-0.0118395	-0.0119699	-0.0119699	
