  6.2831853071795862 
  1.4516472318581848 
  0.0044075908996732 
 -0.0216923137580353 
  0.1514850018163972 
 -0.5597973967861062 
  1.4811052260246733 
  0.0671082953532337 
 -0.0703780765805063 
  0.1936244759649056 
 -0.6230896125845861 
  1.4591889039985464 
 -0.0421890724828992 
 -0.0070672460013645 
 -0.0556163153673735 
 -0.3826309637960500 
  1.4400400400424871 
 -0.0432166688116244 
 -0.0490944075465122 
 -0.1301924684533117 
 -0.4309179590399371 
  1.5408409262965619 
  0.1199939790915111 
  0.0489958878582285 
  0.0139956812383275 
 -0.5541656150350920 
  1.5373730905095362 
  0.0827282838104264 
  0.0986868845248587 
 -0.0380644490905087 
 -0.5413581044013985 
