  6.2831853071795862 
  1.9714667340959957 
  0.0346518694662756 
 -0.1280421677841401 
  0.5245626657009146 
  0.4735959797737361 
  1.9847341033626289 
  0.0022030288901076 
 -0.1155178248027556 
  0.5340539974427596 
  0.5048964873375732 
  1.9355003753697968 
 -0.0062451213362708 
 -0.0181077716393348 
  0.5241079367552625 
  0.2179823481565565 
  1.9192134546026327 
  0.0117909416296045 
 -0.0910668588673934 
  0.5970656715124630 
  0.1590176970041439 
  2.0321527698337301 
 -0.1731354773835059 
 -0.0565837845816170 
  0.5739231977850972 
  0.5710732341553396 
  2.0288670157557847 
 -0.1164194924830692 
 -0.0302060156168190 
  0.5675077984298476 
  0.4519794737363007 
