  6.2831853071795862 
  1.8494229505720603 
  0.0452465998852655 
  0.0136372236878208 
 -0.2385017244973056 
  0.8140107553237552 
  1.8824808039350984 
 -0.0152346436337374 
  0.0393419655709580 
 -0.2357754355343049 
  0.8994871822063034 
  1.8400365273718835 
  0.0785275443825316 
  0.0452493339015151 
 -0.0010152399452023 
  0.5932131649317699 
  1.8410625701088947 
  0.1333774346102899 
 -0.0173423660991423 
  0.0536245042637166 
  0.6483594449138703 
  1.9241466150493591 
 -0.1179076570238446 
  0.1279047848310644 
 -0.0500463676669966 
  0.8068723473362162 
  1.9104413462474825 
 -0.0607425935910833 
  0.1542637087406807 
 -0.0049037405755756 
  0.7420693803828675 
