  6.2831853071795862 
  1.4993747926052672 
  0.0457628182624699 
  0.1406998948865099 
  0.2732817338828040 
  0.3739481434687253 
  1.5328668189068495 
  0.0476088160832377 
  0.1372881334451460 
  0.3275646559194348 
  0.3962733069101331 
  1.4064390447148949 
 -0.0891253634023001 
 -0.0257193781773236 
  0.3414464542724587 
  0.5680059216847230 
  1.4445978801766852 
 -0.0336105222875119 
 -0.0406027999412237 
  0.4140408630474092 
  0.5398178554085892 
  1.5104380922402512 
  0.0315714027237392 
  0.0905453093145166 
  0.4918569401165543 
  0.5130334376026903 
  1.4714389340931200 
  0.0333132763679321 
  0.0457007797079316 
  0.4966738632425885 
  0.5024679856710077 
