  6.2831853071795862 
  1.8876441820717151 
 -0.0256374562406227 
  0.0228068611668388 
  0.8860640890785328 
 -0.2923521568913080 
  1.9111162958758805 
  0.0173202835380540 
 -0.0038268697394768 
  0.8385885415851824 
 -0.2792407981719592 
  1.9382751768530599 
  0.0420114063554874 
 -0.1062693909495732 
  0.7109327741228717 
 -0.2844971134328570 
  1.9218395175905141 
  0.1245573992469909 
 -0.0895837007146105 
  0.8084426415685564 
 -0.2660834112247230 
  1.8985586713939342 
  0.0038184856659522 
  0.0120318925186194 
  0.5724621776680754 
 -0.4993223844374181 
  1.9163849358512044 
 -0.0001394830004756 
 -0.0504798227438407 
  0.5836728198545109 
 -0.4326423142938405 
