  6.2831853071795862 
  1.4892838728673696 
 -0.0162124248170005 
  0.1006490175139523 
  0.1481940964525640 
 -0.6231085443001867 
  1.4983058565363887 
  0.0002264030696500 
  0.0294000537055105 
  0.1491677561222221 
 -0.6233401134857960 
  1.4961360191653570 
  0.0950595704267560 
 -0.0162584153983710 
  0.1887168602285689 
 -0.4333466452160016 
  1.5235662761237687 
  0.0852935368178504 
  0.0333646619030774 
  0.2206157291091445 
 -0.4300416879639691 
  1.4529444376694878 
  0.0019365569817356 
 -0.0600536236790778 
  0.2022654795863723 
 -0.7852504836888126 
  1.4739445649024816 
  0.0007884723263991 
 -0.0679346614833250 
  0.1459669512751146 
 -0.6702912392314085 
