  6.2831853071795862 
  1.5000898065703689 
 -0.0128347283243998 
  0.0522277733984284 
 -0.6881714461950805 
 -0.1427454185121793 
  1.5207258858221990 
 -0.0962015562380118 
 -0.0020407997549231 
 -0.6855788595610539 
 -0.1221148340663977 
  1.4372345737550623 
  0.1359784785327108 
  0.0505510435341055 
 -0.4571892104376069 
 -0.2099979329908220 
  1.4189946022530999 
  0.1048609454744681 
  0.0310238583958743 
 -0.4619525467511787 
 -0.3130746930528490 
  1.5801646766512016 
 -0.1189691801598336 
  0.0734745910083146 
 -0.5268690027538161 
 -0.1885735959471326 
  1.5297074740607035 
 -0.1265810579045251 
  0.0686155086240111 
 -0.4360594010491010 
 -0.1695229624006097 
