  6.2831853071795862 
  1.8404523174872667 
 -0.0546549970232320 
 -0.1190191434547868 
 -0.3173235935696692 
  0.4705723034978126 
  1.8708539342966382 
 -0.1405128281118854 
 -0.1825413126618544 
 -0.3549504322072419 
  0.4135172145548028 
  1.8379848361396651 
 -0.0780898382520551 
 -0.1263057132483719 
 -0.0308016432154135 
  0.3772877616745586 
  1.8037093289927100 
 -0.1059398088413656 
 -0.1406932423619686 
  0.0185884364791265 
  0.4756246551964877 
  1.9532111847617730 
 -0.0947599866776982 
 -0.2092718814410746 
 -0.1704249869021976 
  0.3049130297459981 
  1.9200755902141888 
 -0.1365237561206387 
 -0.2345203413911093 
 -0.1452623053614690 
  0.2522630362246882 
