  6.2831853071795862 
  1.4878773485731434 
 -0.0987217400486551 
  0.0443604415981349 
 -0.2174259725468938 
  0.3121352281401946 
  1.4794340995597806 
 -0.0183555450741232 
  0.0430545964348877 
 -0.3314322878186263 
  0.3031493622222835 
  1.5071823829717528 
 -0.0479905261648429 
 -0.0233995979649716 
 -0.1185570368192136 
  0.5432349771275944 
  1.4685066245588227 
 -0.0129208938239432 
  0.0402521215436109 
 -0.0247474726008369 
  0.4962074328043807 
  1.4918321605017586 
 -0.0178733443983282 
  0.0478842718300706 
 -0.5094977750297552 
  0.5588113666304321 
  1.4841331260614323 
  0.0001806490105645 
 -0.0005788897914210 
 -0.4744999106519814 
  0.5258538755456933 
