  6.2831853071795862 
  1.4725901540375848 
 -0.0216966581267922 
  0.0307861068131036 
 -0.6198538303683294 
 -0.3644465217272595 
  1.4472662665670404 
 -0.0462215679979317 
 -0.0441330806284156 
 -0.6214616217962994 
 -0.3297061996979744 
  1.4989400142120692 
  0.0422741260032036 
 -0.0670672617452590 
 -0.3036274955132990 
 -0.2625839169056126 
  1.4975200240051569 
  0.0291530793006777 
 -0.0673674073377414 
 -0.3326845345165687 
 -0.3132602393920084 
  1.4858934092040199 
 -0.0206442544334836 
 -0.0233661869667061 
 -0.3797588714492781 
 -0.4049452361706340 
  1.4722985831073734 
  0.0261302545245680 
 -0.1017750807039181 
 -0.3631764708279119 
 -0.3495981009424331 
