  6.2831853071795862 
  1.5225049429614519 
  0.0580992985937952 
 -0.0121919703072722 
  0.1359177606796572 
  0.1077715644066400 
  1.5270255701998512 
  0.0325840316380130 
  0.0139086482527035 
  0.1112580505127457 
  0.1190540351601272 
  1.5326813849024550 
 -0.0486679523648650 
  0.0908920653938121 
  0.0040196277612677 
 -0.0028598252226809 
  1.5348459946675208 
  0.0045544199290329 
  0.0751901142179737 
 -0.0011761156238402 
  0.0206697842520179 
  1.5051792509095669 
  0.0268558035658402 
 -0.0313768627373469 
  0.0165433151294803 
 -0.1111640317529466 
  1.5250472918152149 
  0.0362514649962758 
 -0.0046828346361264 
 -0.0121221490733427 
 -0.0478499864095961 
