  6.2831853071795862 
  1.3825182763171195 
 -0.0329075312428428 
  0.0654741122368911 
  0.1931593231408094 
  0.3466522891582150 
  1.3609229211677643 
 -0.0275983669272198 
  0.0510181803081804 
  0.2353476491330393 
  0.3129621506340493 
  1.4750704275654218 
 -0.0099332068383074 
  0.0994986975497860 
  0.0367214820423531 
  0.2761161724627105 
  1.4726063943344465 
  0.0103045381116447 
  0.1779063706342342 
  0.0631741857262067 
  0.2547405008865901 
  1.3957870137989139 
 -0.0181171796697740 
 -0.0014977551969493 
 -0.0624892555827338 
  0.3640317685147254 
  1.4039277537337187 
  0.0119205275271464 
 -0.0391717924706141 
 -0.0484670527940430 
  0.3129781324118978 
