  6.2831853071795862 
  1.4419124504637413 
 -0.0892427920903908 
  0.0026496854710241 
 -0.3718449300401339 
 -0.1567718917999096 
  1.4330131237299857 
 -0.0645425744003399 
 -0.0864144872598917 
 -0.4618113578126261 
 -0.1543802589157848 
  1.4900772829481101 
  0.0399617276627593 
 -0.0333163866397015 
 -0.2200497087541457 
  0.0289327450161540 
  1.4554020911836336 
 -0.0151520631273223 
 -0.0391679711941666 
 -0.1778465911766118 
  0.0854683350507090 
  1.5175930823452177 
  0.0364868974419397 
 -0.1608575055071880 
 -0.3591445515725418 
 -0.1617029517132379 
  1.5205822972352565 
  0.0861298807479100 
 -0.1267969340267489 
 -0.3640063964692151 
 -0.1199889167565541 
