  6.2831853071795862 
  1.4098899343484763 
  0.0180764123943506 
  0.1517403327836066 
 -0.0615930810704529 
 -0.4799334958840889 
  1.4249214497185956 
  0.0331026475901616 
  0.1637668343032525 
 -0.1383248048540300 
 -0.5249274226114738 
  1.4905455246113579 
 -0.1357791924372763 
 -0.0155912458867390 
 -0.0808518301523492 
 -0.4990862636115801 
  1.4851991363878656 
 -0.0611655646262391 
 -0.0215886893421224 
 -0.0912169844947197 
 -0.4772267686710077 
  1.4764112147226125 
 -0.0159868811001814 
  0.0050262420626402 
 -0.0431090694088812 
 -0.7440766956025772 
  1.4902183766033246 
 -0.0797428096947774 
 -0.0072469433456998 
 -0.0754028420166952 
 -0.7240857109780868 
