  6.2831853071795862 
  1.4982062866587866 
  0.1046766859603407 
 -0.0115732369794436 
 -0.2062525708507315 
  0.5701880731166589 
  1.5024611739587608 
  0.0649643803660226 
  0.0220924390155933 
 -0.1620248723537049 
  0.5694344221541985 
  1.5165795958422139 
 -0.0227413693901015 
 -0.1150410046604129 
 -0.1091156782573957 
  0.5968994566251001 
  1.5092331201491891 
 -0.0145714723120383 
 -0.1900894264501287 
 -0.1288712643651936 
  0.5578746855201829 
  1.4803430450907118 
  0.0015091413362830 
  0.0153774503624551 
  0.0389462963394793 
  0.7704324135545799 
  1.4801740611836431 
 -0.0204719895811887 
  0.0366162698111558 
  0.0745222878329246 
  0.7042734973537520 
