  6.2831853071795862 
  1.5457686986378742 
  0.0249545804398207 
 -0.0806256368586723 
  0.0666125945283177 
  0.1283131263310704 
  1.5437735797480672 
  0.0350315627358818 
 -0.1062914542791050 
  0.0173302307836417 
  0.1270288708465376 
  1.5045755975318169 
  0.2099654032818686 
 -0.0145659685142376 
  0.1986762431081170 
  0.2257101929167072 
  1.4902879690674753 
  0.1938885716577227 
 -0.0174304259925980 
  0.1759195632570149 
  0.3492886417732481 
  1.5525554725728896 
  0.1675898101706121 
 -0.0087399714998943 
 -0.1306705668903399 
  0.0033240773203225 
  1.5206608255685883 
  0.1950492838860914 
  0.0003071854549286 
 -0.0385895923389861 
  0.0468433851078826 
