  6.2831853071795862 
  1.4966988209814902 
  0.1033747921086674 
  0.0134484120344390 
  0.3986114245103346 
  0.2715540869877417 
  1.4829147027019360 
  0.1524185034956272 
  0.0521829635810483 
  0.4022704379566176 
  0.2595085329628627 
  1.3772291800305556 
 -0.0632315708595663 
 -0.0280899563401207 
  0.3363681301489358 
  0.1451095809147417 
  1.3764971028014854 
 -0.0236465733376076 
  0.0256990021957919 
  0.3974132398656061 
  0.0819405558693497 
  1.4680585741777292 
  0.1273521885529096 
  0.0186698161293173 
  0.5425689218299278 
  0.3207848547627989 
  1.4448027453547945 
  0.0881750383744358 
 -0.0435187760848021 
  0.5351942692019429 
  0.2736961840650381 
