  6.2831853071795862 
  1.4445416389860917 
  0.0690179361335077 
 -0.0965320452730944 
 -0.1316314278096289 
  0.2456250159604411 
  1.4540273059951951 
  0.1404636325360114 
 -0.0822253505817395 
 -0.1274313644942287 
  0.2056176538833748 
  1.4498781220976042 
 -0.0176140355577867 
  0.0434884033380773 
 -0.1919315808742255 
 -0.0181496600891093 
  1.4357480185109524 
 -0.0205050817511674 
 -0.0289681516571580 
 -0.2441609797568495 
 -0.0791038199928735 
  1.5298627825527777 
  0.1692873448608030 
 -0.0022689512846249 
 -0.2503269919015997 
  0.1870636614222742 
  1.5318852571575146 
  0.0921841880588194 
  0.0362736192854815 
 -0.2637284149075800 
  0.1170152506686753 
