  6.2831853071795862 
  1.5440249532514492 
  0.0427734224755192 
  0.0016814103756847 
 -0.0546452770355419 
  0.0672442857180081 
  1.5435502599977611 
 -0.0040919034930187 
  0.0408208179349344 
 -0.0486099069578865 
  0.0825234591631824 
  1.5763543327310996 
  0.0988553690452465 
  0.0672631095389935 
  0.0857390103684446 
  0.0070279540800181 
  1.5778560120390981 
  0.0722022212640484 
  0.0285475137036778 
  0.1045319037476312 
  0.0461057392080963 
  1.4771323557859730 
 -0.0672888462408119 
  0.0033658951182319 
  0.0114407542966997 
 -0.1287535216297941 
  1.5045035422992088 
 -0.0349511442133000 
  0.0242124071149710 
  0.0237901812314518 
 -0.0540718223242995 
