  6.2831853071795862 
  1.4204965831364234 
  0.0382804228167214 
  0.0038374591241771 
  0.5481182799148937 
 -0.4645848714131703 
  1.4538823402976850 
  0.0006274290335499 
 -0.0001121788559020 
  0.6277686273011115 
 -0.5027291679730557 
  1.4896912494801342 
 -0.0953462970210370 
 -0.1086577012904844 
  0.4576786152431353 
 -0.3069747548218031 
  1.4594582448189626 
 -0.1064542926836838 
 -0.1428955994121861 
  0.3632044298279652 
 -0.2921298335851555 
  1.4636528166842482 
 -0.0106754866508918 
  0.0324554498499714 
  0.7337770843082637 
 -0.4248414461014796 
  1.5050104068106691 
 -0.0482608443625453 
 -0.0730633967169377 
  0.6818614878516480 
 -0.3968353680220464 
