  6.2831853071795862 
  1.9261382470880308 
  0.1897038295527294 
  0.0091194406227244 
  0.7427384045774931 
 -0.2228961829744225 
  1.9509170379144745 
  0.1670812561619776 
  0.0071190095664748 
  0.7283291928529221 
 -0.2403118403469336 
  1.8307291091171360 
 -0.0243606497556350 
 -0.0280972222077903 
  0.5824845196867078 
 -0.3031081652583679 
  1.8471596388499774 
  0.0089837392142393 
 -0.0511434329347652 
  0.5879388465732169 
 -0.4027867635198248 
  1.9219135347323926 
 -0.0079950056903399 
  0.0513824411911205 
  0.8789665905487589 
 -0.2789994999580935 
  1.8603720776741295 
 -0.0444964394981624 
  0.0386033384117419 
  0.8117124447094294 
 -0.2747926716764342 
