  6.2831853071795862 
  1.9100482220352204 
  0.0514919238193645 
 -0.0772642362473956 
 -0.0133999045124234 
 -0.9014665957140990 
  1.9436003303883225 
  0.0086827451547108 
 -0.0307376971590806 
 -0.0858928593629943 
 -0.8861351955230927 
  1.9226414595868480 
 -0.1486699102878226 
  0.0893768145169972 
 -0.2299771964200346 
 -0.7959659799544629 
  1.9370813261273061 
 -0.0506359104608167 
  0.0754891490466617 
 -0.2078616096912741 
 -0.7917995627027988 
  1.9317958843999234 
  0.0210853027095396 
  0.0120377154435587 
 -0.3219215870796776 
 -0.9054314914263760 
  1.9255967376562131 
 -0.0289468190419979 
  0.0172904695099959 
 -0.3617843965768829 
 -0.8215506843165998 
