  6.2831853071795862 
  2.0070455182390958 
 -0.1062096177378974 
 -0.0365160124870238 
  0.0665395138519801 
  0.1803379108856008 
  2.0310841735664726 
 -0.0975337837886039 
 -0.0334327117766035 
  0.0878997863636486 
  0.1826072246914199 
  1.9655079404508355 
  0.0794522669045557 
  0.0578826929410459 
  0.0777975423257294 
 -0.0465538516890906 
  1.9712950247702448 
  0.0564473911169160 
 -0.0401739275987576 
  0.1201927080076872 
 -0.0863483058945786 
  2.0269414734211924 
 -0.0144121260797460 
  0.0227769843255386 
  0.1792993368006293 
  0.2658538414179823 
  2.0223079442053882 
  0.0538941279441029 
  0.0405706581181284 
  0.1496426569509214 
  0.1605966964792759 
