  6.2831853071795862 
  1.5520156609068281 
  0.0896698337021115 
 -0.1458827664408808 
 -0.3432631710369983 
  0.3364194992490747 
  1.5733902253136849 
  0.0594537592157090 
 -0.0824408460352180 
 -0.3412065314425836 
  0.3864377443145654 
  1.4181384263279442 
 -0.0018653213155032 
  0.0163502331101654 
 -0.4497393885676720 
  0.2097266712278157 
  1.4664241882819973 
 -0.0113698447304700 
  0.0067601386091441 
 -0.4314458000023162 
  0.2800961390409917 
  1.5008807679683600 
  0.0701894898302651 
  0.0221066177572407 
 -0.3359985667660135 
  0.5179719885337221 
  1.4737198135133855 
  0.0098622503666947 
  0.0608141703236126 
 -0.2828835202570416 
  0.4663402945111135 
