  6.2831853071795862 
  1.4826857706322605 
  0.0389246452568130 
 -0.0204368398221143 
  0.0688400581351856 
  0.1524351173980392 
  1.4669789684934555 
  0.0322795353988210 
 -0.0050570410559820 
  0.1063205676058215 
  0.1589761484463815 
  1.4368442131397927 
  0.0397351543011557 
  0.0159788617442299 
  0.0758374518099435 
 -0.0214596187915819 
  1.4656958004785068 
  0.0711722927742364 
  0.0090215289799068 
  0.1251548549117076 
  0.0781470692659922 
  1.3979656089006425 
  0.0168504220629115 
  0.0865251387933943 
 -0.0863893503921727 
 -0.1376598469977240 
  1.4082817555194667 
  0.0000312813981651 
  0.0053837066826857 
 -0.0733203004388943 
 -0.1176901958134477 
