  6.2831853071795862 
  1.4887270821632490 
 -0.0239357100017970 
 -0.0553968962514747 
 -0.3315027461889776 
 -0.0287054015979178 
  1.4879011386388135 
 -0.0571296983697590 
 -0.0712406651661071 
 -0.4164150739206066 
  0.0023640171812414 
  1.3897845092821723 
  0.0417660319703217 
  0.0556026209312171 
 -0.1242984836391872 
 -0.0387026673235887 
  1.4068968785204219 
  0.1120749194465894 
  0.0106849833749909 
 -0.1216466896649352 
  0.0393030868529574 
  1.4633522382005597 
 -0.0415053685553072 
 -0.1148040989229108 
 -0.4964600712924561 
 -0.0156658637518976 
  1.4764705571400623 
 -0.0071763493117209 
 -0.0448822107494419 
 -0.3958175668040947 
 -0.0037921784438545 
