  6.2831853071795862 
  1.5348466016562192 
  0.0422348760066654 
  0.0865553912690613 
  0.5309576189878319 
  0.1134557908583021 
  1.5695713835784111 
  0.0004705835222358 
  0.0418959970062111 
  0.5545772495502592 
  0.0927880530156447 
  1.4144739724925965 
  0.0968931301855660 
  0.0229671536639924 
  0.2259280674876871 
 -0.0279343289032973 
  1.4619868897532404 
  0.0978455308378818 
 -0.0322377411035750 
  0.2988967458942298 
 -0.0665742157864581 
  1.5226124169024959 
 -0.0598708183488824 
  0.0621340888827869 
  0.5562158477126257 
 -0.0236745664670659 
  1.5014546797472161 
 -0.0344054019538327 
 -0.0237740454887825 
  0.4447032870951754 
 -0.0364592961797347 
