  6.2831853071795862 
  1.4072322727089468 
  0.0034232359259572 
 -0.0154992927283263 
 -0.0127531618909473 
  0.1133900936332790 
  1.3803471839993622 
  0.0506073707129972 
 -0.0659473117063326 
 -0.0305864927915194 
  0.1346554412139432 
  1.5259656119425158 
 -0.0969563538720035 
  0.0635943210902094 
  0.1139995299807157 
  0.1165917852564939 
  1.5241359320973611 
 -0.1340369467545437 
  0.1089381882900088 
  0.1109478293682192 
  0.1605916016086639 
  1.4453790308692427 
  0.0256989233809895 
 -0.0535144846824092 
 -0.0607233971438740 
 -0.1139694931758173 
  1.4792887522912530 
  0.0158822796092254 
 -0.0339506684952404 
 -0.0302736752425350 
  0.0109018334629369 
