  6.2831853071795862 
  1.4606889513373309 
 -0.0681275037674618 
 -0.1355112844723258 
  0.4786838640249828 
 -0.0033351433224234 
  1.4721753935155952 
 -0.0905640312070427 
 -0.1799335759071309 
  0.4619875714520860 
 -0.0699382692607231 
  1.5157853159973300 
 -0.0710834608426775 
  0.0638378867117479 
  0.6365151970116288 
 -0.1832171705647248 
  1.5129510357197988 
 -0.0657498568764765 
  0.0183565601760559 
  0.7053498244301278 
 -0.2083949005346959 
  1.5349107891364944 
 -0.1138974648531729 
 -0.1203013450426760 
  0.5799296907337395 
  0.0305440715984784 
  1.5460607423188153 
 -0.0679732558473449 
 -0.0458547880457759 
  0.6270604213951443 
 -0.0166028216024168 
