  6.2831853071795862 
  1.4994110390497462 
  0.0595106431971209 
  0.0489984955412373 
  0.2506829849864380 
 -0.6165459373135008 
  1.4804220171900433 
  0.1201322260905650 
 -0.0055221308773347 
  0.2658052055931229 
 -0.6244274548990594 
  1.4563047642102940 
 -0.0589425704858827 
  0.0654691740906290 
 -0.0379979590386305 
 -0.5699857613797564 
  1.4328067858164490 
 -0.0040583077214447 
  0.0985424378466631 
 -0.1156147903412713 
 -0.6141364652088207 
  1.5250051571444028 
  0.0367468600466364 
 -0.0656933689645304 
  0.1873660809974761 
 -0.6918739840611510 
  1.5130420479932185 
 -0.0433432415178399 
 -0.0435386706433631 
  0.0900247162440225 
 -0.6684486152073225 
