  6.2831853071795862 
  1.4876522349786765 
  0.0034903617008517 
 -0.0650708376142921 
 -0.0208541299579444 
  0.2686497992308441 
  1.5141145749589238 
 -0.0645937500432423 
 -0.0399323810581070 
  0.0478222633661153 
  0.3355607290681774 
  1.4501112891657957 
  0.1100005483215072 
  0.0000558388110862 
 -0.0058049378872287 
 -0.0058981129318381 
  1.4351009531128021 
  0.0975959509865812 
 -0.0651167928240809 
  0.0717983180624152 
 -0.0075810977142800 
  1.5162162011257274 
 -0.1227398754306250 
  0.0490715826927018 
  0.1582443752830300 
  0.2215450957241257 
  1.5150536194712116 
 -0.0588769566092705 
  0.0812994987966181 
  0.1933031797452868 
  0.1348785995512690 
