  6.2831853071795862 
  1.4610059452361037 
 -0.0588712197185031 
 -0.0135147029329134 
  0.5409412752283388 
  0.2741700087100589 
  1.4834041690585027 
 -0.0402129418442391 
  0.0434804005031399 
  0.5035313300510454 
  0.2591557717014872 
  1.4877773154677389 
  0.0090854009661155 
  0.0018844486270742 
  0.5552050703474624 
 -0.0325160243671372 
  1.4753883138017274 
 -0.0149113928760756 
 -0.0782998879352699 
  0.5520550851674977 
 -0.0310283042611407 
  1.5208920060781286 
 -0.0602350863519455 
  0.0878659779891302 
  0.5356662491340310 
  0.0179060968521939 
  1.5018485417050154 
 -0.0355095975786674 
  0.0878908348775547 
  0.4699231847629910 
 -0.0298977790762415 
