  6.2831853071795862 
  1.4794550573194454 
 -0.0089106686591837 
  0.0167396105328452 
 -0.6842780417194082 
 -0.1541497428302557 
  1.4935412722592980 
 -0.0610538912684353 
  0.0071745327004289 
 -0.6621189408982540 
 -0.0880648908551788 
  1.5479352434243574 
 -0.0443037921991325 
  0.0792163461805106 
 -0.5936351712405499 
  0.0283122531065588 
  1.5547065302802243 
 -0.0138027395882593 
  0.0764469402076415 
 -0.5866972209834164 
  0.0304276033168465 
  1.4994375435731455 
 -0.0364517539245068 
  0.0050664817704862 
 -0.6964921388437035 
  0.1862797179174070 
  1.5016951846670346 
 -0.0046954940664970 
  0.0012532745763312 
 -0.6259522078625200 
  0.2030530135405914 
