  6.2831853071795862 
  1.5126629172340820 
 -0.0498128080922824 
 -0.0145363205451155 
  0.6082116036708086 
  0.4123498489869060 
  1.5326856935983237 
  0.0146425532607516 
 -0.0906507470954214 
  0.6083724246431068 
  0.3975732805953610 
  1.4536814670300886 
 -0.0558787898357105 
  0.1259209836619081 
  0.3586788122474865 
  0.4281241257042863 
  1.4381634643818058 
 -0.0415313836671008 
  0.0965592363028159 
  0.3454426181478253 
  0.5278062831470238 
  1.5881333216732976 
 -0.0453576940025157 
 -0.1193878105591595 
  0.4274241777752846 
  0.4278385663781551 
  1.5350113133707428 
 -0.0476036868994280 
 -0.1284799726390811 
  0.3422551035325626 
  0.3943380260688020 
