  6.2831853071795862 
  1.4586180123367281 
 -0.0798080657935896 
  0.0475413308510277 
  0.3158665482686802 
 -0.3224366759056847 
  1.4777186753130189 
 -0.0982826818556433 
 -0.0003568257841663 
  0.3140698786184093 
 -0.2391716229369106 
  1.4572302137411264 
  0.0674805679012550 
 -0.0662574026837526 
  0.4213385970899559 
 -0.0271031442053314 
  1.4804096718232265 
  0.0066026404505603 
 -0.0326949494677761 
  0.4481727122366875 
 -0.0164371862964910 
  1.5430869357704204 
 -0.0600211189325810 
 -0.0049274885947704 
  0.4903481318121194 
 -0.1528634890807750 
  1.5131927779315375 
  0.0109765703281465 
 -0.0414045882077185 
  0.4984811847585938 
 -0.0986270156837059 
