  6.2831853071795862 
  1.4621550167931816 
  0.1422828633415157 
 -0.0749226398799206 
  0.0721613426655204 
 -0.3455183476091785 
  1.4793210844848976 
  0.0805569894358132 
 -0.0854031478387670 
  0.0442070254231692 
 -0.4230841695581481 
  1.4475754174445321 
 -0.1156594665077623 
  0.0706747014313801 
 -0.0525747141883639 
 -0.4562355157160084 
  1.4455509476303698 
 -0.0378482054800497 
  0.0827014739781729 
 -0.1179488172274713 
 -0.4656788460821518 
  1.5204870462730116 
  0.0426931331684388 
 -0.0242182593318350 
  0.0667863364012269 
 -0.6144870257814524 
  1.5270705148235120 
 -0.0026737109028891 
  0.0025969300984628 
 -0.0009351924805661 
 -0.5709806204681397 
