  6.2831853071795862 
  1.4240375104067924 
  0.0175696341491999 
  0.0862210427288006 
  0.2478736974456469 
  0.0385746172931580 
  1.4477608682196348 
  0.0587559279516714 
  0.0788450584741512 
  0.1939490610226424 
  0.0370489746369334 
  1.4363402372915952 
 -0.0884868429715231 
 -0.0498874229221631 
 -0.0018365054598300 
  0.1908402671307523 
  1.4380244308628423 
 -0.0575015980420230 
  0.0050295347945853 
 -0.0817595958540465 
  0.1957474491179254 
  1.5329508006386159 
  0.0193200744291690 
 -0.0249678800717834 
  0.1373391202950559 
 -0.0938626115066821 
  1.4955831948774019 
 -0.0240365667913146 
 -0.0939483481410413 
  0.0848858579752346 
 -0.0541139275294728 
