  6.2831853071795862 
  1.8892999835342879 
  0.0510742732722985 
 -0.0157740004011143 
 -0.8790367330093793 
 -0.1328182681383266 
  1.9113320131479175 
 -0.0427670978083762 
 -0.0252470750900546 
 -0.9214748424675059 
 -0.1797394707137769 
  1.9483615724043546 
 -0.0269013074962342 
 -0.0113811652539552 
 -0.6989153232814078 
 -0.3132699093736438 
  1.9484724409640459 
  0.0255519245936765 
 -0.0785411047241963 
 -0.6849494946818809 
 -0.2686597955230046 
  1.9134088570721353 
 -0.0475730204124428 
  0.1120178807824702 
 -0.7607138417960713 
 -0.4223279347187138 
  1.9563537781227316 
 -0.0719697522130819 
  0.0297359620730563 
 -0.7753955980334195 
 -0.4440894845898360 
