  6.2831853071795862 
  1.8844185646398006 
  0.0067528289746516 
 -0.0775858802854589 
  0.0192739480469033 
 -0.5255178527531393 
  1.9263191301109135 
 -0.0300012068944917 
 -0.0376160936425364 
 -0.0650614801279343 
 -0.5691025933762678 
  1.9261683221400971 
 -0.1173397679106626 
  0.0952845181235452 
 -0.0723221498194075 
 -0.5873502484346678 
  1.9068334717505937 
 -0.0849014924318610 
  0.1309104350304093 
  0.0005632158843671 
 -0.5457344928128233 
  1.8835411680187111 
 -0.0983958789039533 
 -0.0381132969542283 
 -0.3665331405269463 
 -0.5511140030386814 
  1.9189545682609701 
 -0.0894072274689049 
  0.0621716358990914 
 -0.3631283437680975 
 -0.5979590532128397 
