  6.2831853071795862 
  1.4968274960894965 
  0.0107292275007130 
 -0.0626753399585951 
 -0.2103875273203369 
  0.1837621623107962 
  1.5090075736173114 
 -0.0649802223040992 
 -0.0402825698483491 
 -0.1519425252770163 
  0.2364767369029543 
  1.4724863245333746 
  0.0981366645475451 
  0.0132629935124668 
  0.0483816242328578 
 -0.0235620657561837 
  1.4424011698318033 
  0.1000104715421135 
 -0.0776450501809901 
  0.0117987429210043 
 -0.0420223442378902 
  1.5358426642539491 
 -0.0402792305915358 
  0.0078597233909729 
  0.0881640933092326 
  0.3424049235258930 
  1.5216045746599229 
 -0.0265651183060564 
  0.0154942790159235 
  0.1674522801630051 
  0.2170345491433925 
