  6.2831853071795862 
  1.4534705805318320 
  0.0895050877974049 
  0.0444654714673190 
  0.2218303764242628 
  0.1622526447318240 
  1.4651769380081205 
  0.0340432293558270 
  0.1129895032460139 
  0.2354056495517847 
  0.2237307769090912 
  1.5122712262000442 
  0.0068818079462882 
  0.0581936562203011 
  0.0734592996218461 
 -0.0467912745271844 
  1.5074191980728175 
 -0.0006882709233710 
  0.0152505235812704 
  0.1096043459596255 
 -0.0779426894029596 
  1.5079720825444316 
  0.1226459149461674 
  0.1815964843447265 
  0.0208884019424537 
  0.0634137007393274 
  1.5380207815608968 
  0.0528080522716955 
  0.2076723159096323 
  0.0445957652610207 
  0.0432989759096715 
