  6.2831853071795862 
  1.4819729114830729 
  0.0013509712123132 
 -0.0120117373149345 
 -0.1723177023396661 
 -0.8178250873595533 
  1.5176965170445749 
  0.0177775984304549 
 -0.0250204269829929 
 -0.2271651354889528 
 -0.8290611850141674 
  1.4867937978881876 
 -0.0686623426097193 
  0.0738119789392509 
 -0.2537542410877064 
 -0.6400996504941722 
  1.4423156267385520 
 -0.0967848778023725 
  0.0574735626525659 
 -0.3609481104332045 
 -0.5486589793268208 
  1.6013408440304557 
  0.0570902039230182 
 -0.0442094067592697 
 -0.0893710307376295 
 -0.6889314307807627 
  1.5791683672393226 
  0.0445172085813037 
 -0.0250989259414844 
 -0.0927998989774672 
 -0.6424065289683798 
