  6.2831853071795862 
  1.9306349390612760 
 -0.0014226054328681 
 -0.0404062573095255 
  0.0602691289489680 
 -0.1147239256663900 
  1.9549247500742573 
 -0.0217586062522569 
 -0.0028680608025881 
  0.1158709479979247 
 -0.1362812318260034 
  2.0441051000746762 
  0.0600472268486621 
  0.0332843470194597 
  0.0816117965999288 
  0.0785577964833740 
  2.0020595050412249 
  0.0421003013417138 
  0.0632654070158458 
  0.0711913529612397 
  0.0977832620221088 
  1.9948483924415878 
  0.0654545330362139 
 -0.0418304497111491 
 -0.0717780513817381 
 -0.0505906739268822 
  2.0281938451984338 
  0.0688367034110538 
  0.0547558907930023 
 -0.0500339301475113 
 -0.0341237781747444 
