  6.2831853071795862 
  1.4846679281562674 
 -0.0137988177829129 
  0.0065818212574056 
 -0.3458282313916263 
 -0.2838393761423117 
  1.5055210937652619 
  0.0018156596557776 
 -0.0315490646054221 
 -0.2381993666732332 
 -0.2456541307137066 
  1.4854618650185798 
 -0.2018082029657171 
  0.0243043698102795 
 -0.1784947930970346 
 -0.0850598752861454 
  1.4939333310464726 
 -0.1311945781400325 
  0.0459526715286778 
 -0.2238210186764459 
 -0.1665149196654840 
  1.4941283498081313 
 -0.0081002560216319 
 -0.0813143461306415 
 -0.1197185265157728 
  0.0231019060640377 
  1.4674526036489475 
 -0.0629461909565689 
 -0.0720371805728971 
 -0.0324222526263221 
  0.0535488054662779 
