  6.2831853071795862 
  1.4918866971585452 
 -0.0507135680202213 
 -0.1194979154932516 
  0.1094045819505021 
  0.6715004499472534 
  1.5066924339208410 
 -0.0559342796078029 
 -0.0971587791651418 
  0.1045792637056646 
  0.7134830478163673 
  1.4430137756379942 
  0.0583606781949730 
  0.0317656895897409 
  0.3476964891588211 
  0.4710447767655795 
  1.4303400433369637 
  0.0794823101908981 
 -0.0602168661775824 
  0.4209743715009452 
  0.4638802625460854 
  1.5224387581477958 
 -0.0323782678232953 
 -0.0005334699022968 
  0.1641397615720556 
  0.7813179164336749 
  1.5137700623629469 
  0.0268559196975166 
  0.0430768133296318 
  0.2390597580383109 
  0.6734199805071371 
