  6.2831853071795862 
  1.9613765198507862 
 -0.0336754822498706 
 -0.0045098280682830 
 -0.7689754014156797 
 -0.3676786608158255 
  1.9728988349148353 
 -0.0776022727542793 
  0.0878965485236038 
 -0.8047741846546058 
 -0.3329241081146478 
  2.0079006744650614 
  0.0017356238173966 
 -0.0125723870441904 
 -0.9313791467354646 
 -0.0854105280113331 
  1.9590377181701732 
  0.0321935699759657 
  0.0260634883268393 
 -0.8812003190207955 
 -0.0810686908468462 
  2.0517043901551819 
 -0.0806290115007162 
  0.0269593209059442 
 -0.8362234813158693 
 -0.0882052295415054 
  2.0439796765596672 
 -0.0743009397678493 
  0.0568773438187059 
 -0.8597040139347643 
 -0.0348242605268063 
