  6.2831853071795862 
  1.4064780136964159 
 -0.0205485867871687 
  0.0544114725721478 
  0.0701266098527276 
  0.1840726265071860 
  1.4172687615945898 
  0.0504965154838653 
  0.1049280490971784 
  0.0895590722341377 
  0.1435400742286025 
  1.4631656417237677 
 -0.0193173494975633 
  0.0083074042438671 
  0.2744009060481132 
 -0.0034772351556203 
  1.4530179700299544 
 -0.0127454080777482 
 -0.0479544911812366 
  0.2660904427578923 
 -0.0729617765734294 
  1.5070397768669490 
  0.1731533935129207 
  0.0031160205117217 
  0.1674016997310880 
  0.1155047769236659 
  1.5139805424027106 
  0.1050281029529478 
 -0.0129523963510355 
  0.1944126284134384 
  0.0563666069397375 
