  6.2831853071795862 
  1.8789481829168664 
  0.0448348006818161 
  0.0051211021206069 
  0.7586621900812124 
 -0.0345470283587016 
  1.8983502879431615 
 -0.0192990984075148 
 -0.0330823809695265 
  0.8168781510775807 
 -0.0666570745422140 
  1.9321045213824255 
 -0.0666399832815445 
 -0.1418771020779122 
  0.6201521400026258 
  0.1144686351282455 
  1.9029436615906281 
 -0.0525380904831314 
 -0.1429622528147886 
  0.5506107431569789 
  0.1364881351587101 
  1.9235369946198999 
 -0.1270025393120185 
 -0.0212703213172048 
  0.7489204857074107 
 -0.1048732791987220 
  1.9438761023810323 
 -0.1193216939085185 
 -0.1485569263530454 
  0.7135745019911917 
 -0.0852263515605645 
