  6.2831853071795862 
  1.4673723006136714 
 -0.1429354607857464 
  0.0491233389907316 
  0.1222463201028077 
 -0.5180410383129435 
  1.4575505874278574 
 -0.1043908974079563 
  0.0463864917448792 
  0.0948269039523322 
 -0.5466874453853765 
  1.4950667827568527 
  0.0011358120100279 
 -0.0640987833399529 
  0.3595102166604585 
 -0.5812705496294542 
  1.4735989698855283 
 -0.0039175753849253 
 -0.0392640750388815 
  0.4161225855110158 
 -0.6417462444008427 
  1.5474841047623047 
 -0.0906881634728888 
 -0.0245646328919626 
  0.2714254453345336 
 -0.4633201953712207 
  1.5137059138577376 
 -0.0184023741546833 
 -0.0292342534838166 
  0.3466117176991180 
 -0.4470902129723665 
