  6.2831853071795862 
  1.4782435585425366 
 -0.0238413866956897 
 -0.0989386910239297 
 -0.0482875030831548 
 -0.1437403378048137 
  1.5217613631171447 
 -0.0407171889351357 
 -0.0733800978310220 
 -0.0658698641253139 
 -0.1644067912812422 
  1.4305465284809262 
  0.0030565621923472 
 -0.0132709321867041 
 -0.0155115486466278 
  0.1759539377212032 
  1.4279720411503818 
 -0.0263071936412488 
 -0.0521123838601319 
 -0.1254447001270280 
  0.2015824728703015 
  1.5681877142728788 
  0.0149630313716843 
  0.1343535771475287 
 -0.1021339729079576 
 -0.1523953030771017 
  1.5422287862156139 
 -0.0017595767658667 
  0.1589839407383539 
 -0.0793326841126448 
 -0.0432280606097777 
