  6.2831853071795862 
  1.5466652342373410 
  0.0195352322365844 
 -0.0134006813666483 
  0.3608577169218475 
  0.1240965574627394 
  1.5324974099710009 
 -0.0424990778039667 
  0.0142312549502764 
  0.3223431816775988 
 -0.0030778083447169 
  1.5863511397423857 
  0.0448497604547605 
  0.0148343821117443 
  0.0950099010835997 
  0.2186487306419148 
  1.5484764844114840 
  0.0074604380217987 
  0.0405952036297438 
  0.1372009266999787 
  0.3086674180224287 
  1.5808103905715356 
  0.0084550222174774 
 -0.0434301169595252 
  0.0111029934336159 
 -0.0569503102055164 
  1.5700689804661163 
 -0.0427025093821147 
  0.0106683101921272 
 -0.0472080072797153 
 -0.0460939974035472 
