  6.2831853071795862 
  0.8525055893619923 
  0.0012751368060494 
 -0.0924912222347527 
 -0.8641537867824460 
  0.4992754668752207 
 -0.0864791420883543 
 -0.0434898719632117 
  0.0130282256840122 
 -0.0013808895747036 
  2.1821155042529732 
  0.0032157152169201 
 -0.0103698575165807 
 -0.0288593212462517 
  0.0310124740595243 
  1.0000000000000000 
  0.0244755672647346 
  0.0256436060293316 
  0.0413823315761049 
  2.2102962725652957 
  0.0797314137957081 
 -0.0397015266736872 
  0.1835431014781062 
  0.1386053163240011 
  0.1625695772697158 
 -0.8696704251634526 
  0.0481605477733796 
 -0.0137028572701563 
  1.6463571651225959 
  0.7749800630401684 
  0.6709644963643726 
  0.2542886849437497 
 -0.0374242363099140 
  0.0154188837922180 
 -0.0252222430853837 
 -0.0446876317761361 
 -0.1518694489610255 
  1.2187397062017697 
  0.0638137701156517 
  0.0610119930625372 
  0.1096109144168702 
  0.3551981828123418 
  0.3747580827491884 
  0.0389463726811601 
  0.1306716393765949 
  0.0214967168356765 
  0.0833699398902468 
  0.1383347320221989 
  0.1425226999215129 
  0.2197533703556812 
  0.3785705187626186 
  0.0154687830277879 
  0.1778633433860576 
  0.3880265560074135 
  0.1210149673756983 
