  6.2831853071795862 
  0.2151013422149451 
  0.0012751368060497 
 -0.0924912222347530 
 -0.8641537867824461 
  0.4992754668752209 
 -0.0864791420883544 
 -0.0434898719632118 
  0.0130282256840117 
 -0.0013808895747039 
  2.1821155042529727 
  0.0032157152169192 
 -0.0103698575165820 
 -0.0288593212462574 
  0.0310124740595243 
  1.0000000000000000 
  0.0244755672647273 
  0.0256436060293382 
  0.0413823315761063 
  2.1985399497922291 
  0.0513806021468181 
 -0.0459228077074993 
  0.1389416728549306 
  0.1394816268489646 
  0.0609678405073091 
 -0.9158676825544645 
  0.0396133338517138 
 -0.0764329710675907 
  1.6616104557309821 
  0.7731975461054305 
  0.6624351016651899 
  0.2650498628179463 
 -0.0411433491977644 
  0.0112183310886036 
 -0.0181182268075865 
 -0.0494657400119804 
 -0.1554925463796157 
  1.0775645000500036 
  0.3378476865552470 
  0.2493280351295472 
  0.0466156296334712 
  0.2914542771038334 
  0.0734710839621341 
  0.0104991214556170 
  0.1037460856224901 
  0.1889847678544096 
  0.1204401980115086 
  0.0686738146469902 
  0.1813845126428338 
  0.2529059255716526 
  0.2751159104665779 
  0.0292086699374198 
  0.2023441406531279 
  0.0307864759091004 
  0.2551884424950046 
