  6.2831853071795862 
  0.2152251877099422 
  0.0012751368060501 
 -0.0924912222347527 
 -0.8641537867824461 
  0.4992754668752205 
 -0.0864791420883544 
 -0.0434898719632114 
  0.0130282256840118 
 -0.0013808895747037 
  2.1821155042529736 
  0.0032157152169206 
 -0.0103698575165803 
 -0.0288593212462504 
  0.0310124740595246 
  0.9999999999999999 
  0.0244755672647387 
  0.0256436060293298 
  0.0413823315761048 
  2.1985399497922291 
  0.0513806021468185 
 -0.0459228077075006 
  0.1389416728549315 
  0.1394816268489685 
  0.0609678405073075 
 -0.9158676825544630 
  0.0396133338517133 
 -0.0764329710675940 
  1.6616104557309814 
  0.6859315854631008 
  0.7524311060061961 
  0.2670799722178879 
  0.0247486040639293 
  0.0170058406407166 
 -0.0128422147298376 
  0.0299826016782949 
 -0.1603927523647833 
  0.9513458327784413 
  0.1826578713466903 
  0.3088494802742197 
  0.0686982415260942 
  0.2587984110158794 
  0.0220773310450088 
  0.1215628734092537 
  0.1925161088917581 
  0.2621620626918011 
  0.8025542609709760 
  0.3723752965695158 
  0.1703061161562721 
  0.1063573511287314 
  0.0806098261049295 
  0.1356857870148552 
  0.0544284838899242 
  0.2255332570659158 
  0.2066217289179405 
