  6.2831853071795862 
  0.3108326907997692 
  0.0248492140214825 
 -0.0401328586289274 
 -0.8997615223950894 
  0.4480280027750880 
 -0.0448176312614141 
 -0.0041529651286138 
 -0.0141969108331313 
 -0.0107210094032573 
  2.1821155042529736 
  0.0032157152169197 
 -0.0103698575165811 
 -0.0288593212462524 
  0.0310124740595236 
  1.0000000000000000 
  0.0244755672647293 
  0.0256436060293327 
  0.0413823315761046 
  2.2102962725652961 
  0.0797314137957078 
 -0.0397015266736866 
  0.1835431014781058 
  0.1386053163240008 
  0.1625695772697158 
 -0.8696704251634529 
  0.0481605477733802 
 -0.0137028572701566 
  1.6463571651225861 
  0.7749800630401699 
  0.6709644963643778 
  0.2542886849437431 
 -0.0374242363099120 
  0.0154188837922209 
 -0.0252222430853874 
 -0.0446876317761338 
 -0.1518694489610228 
  0.4901903178267751 
  0.1642184780891729 
  0.0090252008519115 
  0.1263198834056638 
  0.2128627711999667 
  0.1406431207555265 
  0.3876666507561831 
  0.1662445411225675 
  0.1741430738923882 
  1.4210213272846293 
  0.3318517284650637 
  0.0325163703489546 
  0.1263282813679371 
  0.0081415585374232 
  0.0947516684296629 
  0.0774978055008591 
  0.0719602817516101 
  0.1500080175326080 
