  6.2831853071795862 
  0.0209068143049570 
  0.0248492140214827 
  0.0401328586289263 
 -0.8997615223950897 
 -0.4480280027750875 
 -0.0448176312614136 
  0.0041529651286128 
 -0.0141969108331311 
  0.0107210094032572 
  2.1817389917800236 
  0.0086951094650572 
  0.0075412791627400 
  0.0424034380778861 
  0.0147946694296215 
  0.9999999999999999 
  0.0122336955611579 
 -0.0510985475429434 
  0.0072533902668816 
  2.2078514707364696 
  0.0936672291183714 
 -0.0261181343409170 
  0.2156965558866386 
  0.0878641413192136 
  0.0930868434927878 
 -0.8782805704301404 
  0.0567241952997911 
  0.0300439506611179 
  1.6627051698592075 
  0.8481020686150291 
  0.5623854141192691 
  0.2477620958245040 
 -0.1046269786686625 
  0.0039017560861255 
 -0.0204024474890237 
 -0.1172708150792803 
 -0.1140289105143552 
  1.3349087459768219 
  0.1378192973590729 
  0.2505607479348964 
  0.0835362124361988 
  0.3495345846449910 
  0.1084751731676209 
  0.0875090573445024 
  0.2454931379875308 
  0.2656636109618924 
  0.5928020066026386 
  0.1497847452151336 
  0.3185011545352870 
  0.0922302405427540 
  0.3282377288711665 
  0.2411731301213655 
  0.1496171392891632 
  0.1283728896981955 
  0.0557411120568847 
