  6.2831853071795862 
  1.2747457462462066 
 -0.0229453995353473 
  0.0339338033516191 
  0.6266066940867459 
  0.7670413448213226 
 -0.0420000121628204 
  0.0060510285284044 
 -0.0758443595445316 
 -0.0143159945784167 
  1.9297833456074955 
  0.2560361922371723 
  0.4232601363666721 
  0.4704804539877343 
  0.1626071002802431 
 -0.4008380974202812 
 -0.3180484283983012 
  0.3579043374359540 
 -0.2001410712866915 
  0.7015023037991253 
  0.5277477412914708 
  0.2734865752042557 
 -0.0925564068284849 
 -0.1575425789199722 
 -0.1510115978234656 
 -0.5388350262613814 
  0.0305772827031257 
 -0.0798619634537158 
  0.8361408011488997 
 -1.1439534193021954 
 -0.1660787746309157 
 -0.0002809267012975 
  0.0069323112953934 
  0.1825689691623289 
  0.0845025301471328 
  0.0061394388941328 
 -0.0053098430063975 
  0.2305632149627452 
  0.0716058689436632 
  0.0246417567672217 
  0.1281312551052321 
  0.1750707527210456 
  0.0251067409498071 
  0.0932515524891737 
  0.0915493365401552 
  0.1878984375071014 
  1.4626331322787487 
  0.0182388775039919 
  0.1373562003179963 
  0.3827622827970648 
  0.1763344200486815 
  0.1035584768936828 
  0.0770542777707647 
  0.0636642878658896 
  0.3384003527254360 
