  6.2831853071795862 
  0.1262225939484568 
  0.0012751368060499 
 -0.0924912222347533 
 -0.8641537867824460 
  0.4992754668752207 
 -0.0864791420883548 
 -0.0434898719632118 
  0.0130282256840118 
 -0.0013808895747039 
  2.1821155042529732 
  0.0032157152169194 
 -0.0103698575165813 
 -0.0288593212462525 
  0.0310124740595235 
  1.0000000000000000 
  0.0244755672647275 
  0.0256436060293330 
  0.0413823315761048 
  2.1984844705942579 
  0.0515441216964843 
 -0.0478011329322858 
  0.1423226278979323 
  0.1433760988113194 
  0.0549330086485855 
 -0.9141256169691091 
  0.0409593736152116 
 -0.0798669381753392 
  1.6616104557309845 
  0.6859315854630984 
  0.7524311060061963 
  0.2670799722178904 
  0.0247486040639297 
  0.0170058406407161 
 -0.0128422147298355 
  0.0299826016782952 
 -0.1603927523647845 
  0.6411475849305474 
  0.0624532228196252 
  0.0077615711126883 
  0.0375427593720251 
  0.3308051472872041 
  0.2206249085001961 
  0.3704606094460780 
  0.0779539918488465 
  0.0146062471101719 
  0.8854555395870154 
  0.3248566343884802 
  0.0114650418507539 
  0.0851976253210276 
  0.2372452856379230 
  0.0488135357285985 
  0.1135405302013397 
  0.0103530671703066 
  0.0704529514980935 
