  6.2831853071795862 
  0.3271899076048282 
 -0.1597520983195692 
 -0.0505679568853379 
  0.7112248685125160 
 -0.6678391318484990 
 -0.0223781171267425 
 -0.1267023126321460 
 -0.0923332421709885 
 -0.0077803306184373 
  1.9160073404782749 
 -0.0050061229431186 
 -0.1629713114813369 
 -0.3878801626450574 
 -0.1382082689917195 
 -0.6536924735271165 
 -0.3539783702719726 
  0.3169946335319651 
  0.0223884883493046 
  1.1300940759176241 
  0.5941755741383893 
  0.0817461098373328 
  0.1411748299862132 
 -0.0332923866207648 
 -0.4281221185680751 
 -0.0262788886901030 
 -0.2844630389016862 
  0.0506212212041382 
 -2.0084486112515032 
 -0.6517476499256328 
  0.2817105728884315 
  0.3309882347275288 
  0.3097838014545377 
  0.0100135402507634 
 -0.0290458462350518 
 -0.0208340165896086 
 -0.0012035695602959 
  0.2826422332220056 
  0.0840812004434637 
  0.1238730030124318 
  0.3850624177984188 
  0.0472613324168506 
  0.1015408538554789 
  0.3852019968608813 
  0.1885891100373046 
  0.0184687159162810 
  0.5134096635157662 
  0.0149394051892088 
  0.1966109717519632 
  0.3356045545983437 
  0.0303932117490899 
  0.1180535399827182 
  0.3069201181390337 
  0.3803702955693564 
  0.0008760273982243 
