  6.2831853071795862 
  1.2973160311797229 
  0.0471806821098814 
 -0.0014536212922170 
 -0.0618771291875144 
 -1.0032303371294526 
  0.0448176312614139 
 -0.0041529651286135 
  0.0021862110808671 
  0.0176553901383827 
  2.0963378945710494 
  0.0114163557028914 
 -0.0384852210875753 
 -0.4741654532640264 
 -0.0103525396826062 
 -0.5360449627850407 
  0.4832203569042248 
 -0.0012059396538244 
 -0.3258579547899275 
 -1.1255157612447111 
  0.2422540132086715 
 -0.0115089329223245 
 -0.0904202608417193 
  0.1654378861186383 
  0.0784868564340224 
 -0.0186452781297355 
  0.4514244153301136 
 -0.7200912692076085 
 -2.1617927521596072 
  0.4390493629971911 
  0.2910646262929766 
 -0.4538384421667724 
  0.1430241432941384 
  0.0611115509711665 
 -0.1645852190986883 
  0.0137261060680405 
 -0.0197149884386921 
  0.8386079517195737 
  0.2232212937527721 
  0.2474898653242951 
  0.0158338403698912 
  0.2765711620997499 
  0.1859965568076915 
  0.1878203984203053 
  0.3076626276127590 
  0.0147178428341650 
  0.2769402013062245 
  0.0541362862751635 
  0.2497626489910804 
  0.0721953666991241 
  0.0561304333570964 
  0.3899880555757894 
  0.0542869301937763 
  0.3529859318351810 
  0.0294829131642716 
