  6.2831853071795862 
  1.5096872203157088 
  0.0401402843637508 
 -0.0327113447504569 
  0.9263920362755071 
  0.3870483908270296 
 -0.0049536112087573 
 -0.0501220794904854 
 -0.0122102491874022 
  0.0102472234380184 
  2.0299915849973607 
  0.2462049464038218 
  0.2212568615571583 
  0.6994327449583528 
  0.0397081912131359 
 -0.3629171248492371 
 -0.2441431910534313 
  0.1694169966352978 
 -0.2734114849963148 
  0.8912227533976518 
 -0.3046198509031331 
  0.1147689068580141 
  0.4684573735934383 
 -0.4895460462255826 
  0.0426351935019479 
 -0.3613531608435250 
 -0.0579459137095147 
 -0.2043711930449678 
 -1.6118168806609485 
 -1.0087049834906625 
  0.2495472835051168 
  0.1082122036818450 
  0.2046948794331537 
  0.0345798301086022 
 -0.0342615664688129 
 -0.1240321494435133 
 -0.0874295957029907 
  1.2647260262618369 
  0.1222077330209687 
  0.3293053159656575 
  0.0889816838785391 
  0.2158879000123290 
  0.0296484363170457 
  0.0168084754629246 
  0.0577120162563762 
  0.0983893517413403 
  0.5062892249323637 
  0.3433335533406048 
  0.1844179132975934 
  0.0403645862342016 
  0.0319688992220357 
  0.1888916682998208 
  0.3608944814841973 
  0.2524019169378160 
  0.0521229114413899 
