  6.2831853071795862 
  0.4723533285370237 
  0.0871377740206122 
  0.2991537086804977 
  0.5714561183218665 
  0.7422099516512877 
 -0.1974352199156232 
 -0.1131160701657509 
  0.1251577922983480 
  0.0292949023402062 
 -2.0839139268096556 
 -0.2523543504631767 
  0.1730294627316948 
 -0.3075645375713694 
  0.3771973203706905 
  0.5837956789159022 
  0.0518585245170592 
 -0.1392460306602734 
  0.1994430310114479 
  1.3419354357929929 
  0.1370028589501256 
 -0.0703189024945585 
  0.1604230272190410 
 -0.1795016044682604 
 -0.1613342508284452 
  0.8264082567071750 
  0.0817345317106142 
  0.2144076658217946 
  1.6630687254337131 
 -0.9901799369803075 
  0.2311210991668496 
 -0.1191544891311275 
 -0.2411653953216990 
  0.0149527253294605 
 -0.0120743039200556 
  0.1253889987492052 
  0.0970669665470532 
  0.6598283141180078 
  0.0302018356322877 
  0.1204998691349255 
  0.3522217250646058 
  0.0481243037938445 
  0.3299453065602713 
  0.0437524154450870 
  0.2323521869122379 
  0.0363048944369560 
  0.2608878187412996 
  0.1096121430175817 
  0.1509822473198661 
  0.2098641039201698 
  0.1833143183035660 
  0.0710535791924345 
  0.1144243831683014 
  0.0551114752555994 
  0.1653465967623839 
