  6.2831853071795862 
  0.1577205214668711 
  0.0012751368060495 
 -0.0924912222347529 
 -0.8641537867824461 
  0.4992754668752206 
 -0.0864791420883545 
 -0.0434898719632119 
  0.0130282256840122 
 -0.0013808895747036 
  2.1821155042529732 
  0.0032157152169197 
 -0.0103698575165812 
 -0.0288593212462525 
  0.0310124740595236 
  0.9999999999999999 
  0.0244755672647298 
  0.0256436060293329 
  0.0413823315761048 
  2.2004625584882693 
  0.0560170448566788 
 -0.0449053901657229 
  0.1462357133624956 
  0.1393383165411213 
  0.0775836128370371 
 -0.9083126629698848 
  0.0410111304357235 
 -0.0661741967366573 
  1.6616104557309777 
  0.7731975461054339 
  0.6624351016651894 
  0.2650498628179428 
 -0.0411433491977651 
  0.0112183310886050 
 -0.0181182268075880 
 -0.0494657400119817 
 -0.1554925463796135 
  0.2054109851153950 
  0.1511283735574754 
  0.0389075994049267 
  0.1922211148880636 
  0.3474771110816792 
  0.0882419408652786 
  0.0677307965347249 
  0.0063880566351625 
  0.3591270159382119 
  0.7981925083822318 
  0.1635989350317136 
  0.3202737830911945 
  0.0384460745185093 
  0.0159222013540284 
  0.3101091802358853 
  0.1197623333179286 
  0.0591828721719588 
  0.2594262465776837 
