  6.2831853071795862 
  0.9240745511252521 
  0.2461406392318375 
  0.0815348909509712 
  0.8314789946187561 
 -0.4568918820608688 
 -0.0740017398588582 
  0.2166967634135722 
 -0.0415813596290694 
 -0.0673330600011653 
 -1.7806547989948291 
 -0.0658050493224308 
  0.3444113211265348 
  0.2066333212169872 
  0.0555322069392163 
  0.6614005799148843 
  0.1526619682067673 
 -0.0759612272706363 
  0.1120534681035960 
 -1.3429110568788514 
 -0.1650972941940217 
 -0.6330294437697316 
 -0.3126274428838124 
 -0.7066211568137271 
  0.1751055203208669 
  0.2913754606762729 
 -0.2402489084955559 
 -0.2098743235816212 
 -0.9824130157553432 
  0.8546268841849144 
 -0.7789542015834087 
 -0.0005588086846259 
  0.0057137922092721 
  0.1173804111296543 
  0.1555284971678585 
  0.0060255468365256 
  0.0010931780567658 
  0.4390223594236707 
  0.0260637416240819 
  0.2194936611921533 
  0.1817813276424955 
  0.3273511369727414 
  0.0850215140663439 
  0.0801339285869369 
  0.1998714081278397 
  0.3449077676217588 
  0.5734105768545269 
  0.2608854800744509 
  0.1229469756724588 
  0.2769741039471215 
  0.1237352479737631 
  0.0360412319406857 
  0.0419685141655212 
  0.1159357388104968 
  0.1112055904580330 
