  6.2831853071795862 
  1.5639069846279232 
  0.0672777307773608 
 -0.2268798365316211 
 -0.6988438020270195 
  0.6613909908235660 
 -0.1897461141423224 
  0.0291346869359444 
 -0.0879073164143268 
 -0.0196901909707838 
 -2.1294987730311514 
 -0.1863017747661593 
 -0.0544087875958530 
 -0.3755084290578556 
  0.2084532322499320 
  0.6352397443244170 
  0.3638863247173141 
 -0.1677103075271511 
  0.2628620198457850 
 -1.6078923434689218 
 -0.4972881562374094 
 -0.5595154126928151 
 -0.2320611085925283 
 -0.4468189592532605 
  0.2170035092918315 
  0.2406437768452067 
 -0.2200927401530569 
 -0.1541493500630227 
 -2.3199233063782509 
  0.2084479087441412 
 -0.2626006343072591 
  0.4370956447409435 
 -0.1011312553217662 
  0.2942974874313024 
  0.1389792556475806 
  0.0552473867906696 
  0.1086255845112459 
  1.3510088234035473 
  0.1610777622522803 
  0.1257064068494018 
  0.1399143276784810 
  0.1258799880635143 
  0.0135839104620286 
  0.2951033261623141 
  0.0535351990262784 
  0.1570760030421090 
  0.4780720043077773 
  0.0146256771232361 
  0.2559643625731494 
  0.3692993684528453 
  0.2727512514657540 
  0.1622004827341478 
  0.0878441338218496 
  0.0748124271829503 
  0.2163049642670531 
