  6.2831853071795862 
  0.6415722353047116 
  0.0012751368060493 
 -0.0924912222347529 
 -0.8641537867824458 
  0.4992754668752214 
 -0.0864791420883543 
 -0.0434898719632120 
  0.0130282256840118 
 -0.0013808895747038 
  2.1821155042529723 
  0.0032157152169189 
 -0.0103698575165832 
 -0.0288593212462617 
  0.0310124740595228 
  1.0000000000000000 
  0.0244755672647233 
  0.0256436060293429 
  0.0413823315761060 
  2.2102962725652957 
  0.0797314137957071 
 -0.0397015266736859 
  0.1835431014781058 
  0.1386053163239997 
  0.1625695772697174 
 -0.8696704251634534 
  0.0481605477733819 
 -0.0137028572701555 
  1.6469999478379371 
  0.7782368306852833 
  0.6667524963721270 
  0.2545058962620946 
 -0.0395066228349416 
  0.0146219413866437 
 -0.0236152461821675 
 -0.0473646683340215 
 -0.1488879552979295 
  0.8421412921273858 
  0.0044738753659140 
  0.0329460279854107 
  0.2430002458993705 
  0.1411734228153405 
  0.3743175297710945 
  0.0577636027311207 
  0.2102886057086129 
  0.1414898602466874 
  0.1304439892359111 
  0.1617699465835076 
  0.0394477315992107 
  0.0974219685008035 
  0.0883066618407961 
  0.3163930730461047 
  0.0103340188007089 
  0.0717208791900309 
  0.3905734458319093 
