  6.2831853071795862 
  1.5580499429063319 
 -0.0469339153193974 
  0.1414926449385759 
  0.7799520775575371 
 -0.5948840827737313 
  0.1545252520960418 
 -0.0082566627447456 
  0.0011157711961977 
  0.0107114414321674 
  2.1668394721565161 
  0.1075473919860263 
  0.0179446197153702 
  0.0711959002684113 
 -0.2958863288522167 
 -0.7668972706647097 
 -0.1463899503333581 
  0.0328040529186820 
 -0.4608578789466683 
 -0.7530947892288367 
  0.2327582948089537 
  0.0780695170371228 
 -0.0775247361861385 
  0.3759929924508809 
  0.0385625623980613 
 -0.7474279042983537 
 -0.1490645043082715 
 -0.2240272814977055 
  1.9023528452300975 
  0.8127698243797908 
 -0.0145985430266318 
 -0.0158806011243682 
 -0.4182522578332226 
  0.0143389533247612 
 -0.0004807209873817 
  0.0064173726276085 
  0.0838252320889249 
  0.6105979261934570 
  0.3529214252868941 
  0.1403993437404296 
  0.0635732018036267 
  0.1729204454197886 
  0.0794255795185325 
  0.1683508173932085 
  0.0437935824715641 
  0.1714705923429784 
  0.1418423693689499 
  0.0313733728941704 
  0.0333702189101290 
  0.0806909523482187 
  0.0136937050501227 
  0.1902666254302899 
  0.2559757131667665 
  0.0752435492345729 
  0.0158040995200920 
