  6.2831853071795862 
  0.1624265463662106 
 -0.0519710139981623 
 -0.0225194053841350 
  0.7479609801727861 
 -0.6614039006750333 
 -0.0128133754391066 
 -0.0474212358528257 
 -0.0415529095015746 
 -0.0091264329872096 
  1.9846357399565169 
  0.1059031780234166 
  0.2865525542007099 
  0.4484994919229795 
  0.1607528962745131 
 -0.5374408855112753 
 -0.3789400579927157 
  0.1291690459339749 
 -0.2652566022846103 
  1.2169806165279962 
  0.2666282200284894 
 -0.1763564915274180 
  0.3213290696684154 
 -0.1182067385699738 
 -0.3042495125036369 
  0.0022360889837689 
 -0.3253865962796226 
 -0.1925699977407510 
 -1.7275505799687356 
 -0.9760209560179361 
  0.0406365950204770 
  0.0265667723641330 
  0.3258859565908239 
 -0.0221973225218974 
  0.0028710013547861 
 -0.0283484938242994 
 -0.1728321557783385 
  1.1375327216799684 
  0.1993732523742104 
  0.1930820709389753 
  0.1792597853174265 
  0.0727978327233515 
  0.3278763360915561 
  0.0508393304049944 
  0.0163139409606259 
  0.1075844707354230 
  0.8194857540979964 
  0.2551829547665734 
  0.0501158164702947 
  0.1047943004795132 
  0.3378381201676160 
  0.0473637648433450 
  0.0487013192794062 
  0.1919809469771801 
  0.1911240415056822 
