  6.2831853071795862 
  0.1924414125310553 
  0.0729547857940544 
  0.0567192129911571 
  0.7167679579657057 
  0.6944687206751391 
 -0.0648948027025633 
 -0.0717043310923596 
 -0.0104017981507782 
  0.0080310846791884 
  1.9904257833225929 
  0.2297774509125713 
  0.2962958915231050 
  0.4651392268593291 
 -0.0241691008090957 
 -0.5652128020960078 
 -0.2913960349764028 
  0.0994133341267472 
 -0.3639073576372637 
 -0.8522546776238207 
  0.1224030926502243 
  0.0923899447614620 
 -0.0187870163773508 
  0.4470095960401603 
 -0.4953152038538264 
 -0.4970287320701209 
 -0.2385701059197564 
  0.1744415338870602 
 -0.3080828448632528 
  1.1556358131089728 
  0.0262861270304545 
 -0.0010522886260979 
 -0.0073642746870393 
 -0.2012673289456393 
 -0.0139281211185434 
 -0.0026235176838618 
  0.0082221092978855 
  1.5264788434190717 
  0.1064178990703509 
  0.3230171075548131 
  0.1242566931304404 
  0.2606429153870171 
  0.1757633427920021 
  0.1568276826897762 
  0.1785477394460556 
  0.0330713599429178 
  0.6915520629400835 
  0.0634544417829091 
  0.1856781159617271 
  0.1986634358364728 
  0.1466886122162025 
  0.2711386828866788 
  0.1049735804392204 
  0.1207006694312704 
  0.1405305429939063 
