  6.2831853071795862 
  1.4939360125953287 
  0.0682540505112307 
 -0.0950984306798865 
  0.6198846325952423 
 -0.7744901367740056 
 -0.0583206041887471 
  0.0858800860721875 
  0.0534004832301538 
 -0.0201618380693193 
 -2.0798313261239763 
 -0.0805863395201152 
  0.4436713492861031 
 -0.3567281226019460 
 -0.0654329827012728 
  0.4824153938745293 
  0.1926743521358169 
 -0.0067601974414456 
 -0.1766451244958413 
  1.3934260911575254 
  0.0534366420210225 
 -0.5801860248093286 
 -0.1445834919294017 
  0.6953000197107077 
  0.0143435232034247 
  0.3035695308739077 
 -0.1401298497819100 
  0.4011751318650834 
  1.0178484590733430 
 -0.8176016179944167 
  0.8172331983620967 
 -0.0049801089149673 
  0.0026796825705416 
 -0.1408015203289217 
 -0.1413080413072426 
  0.0033681319496552 
 -0.0058681933882063 
  1.4051353583329580 
  0.0061273043666666 
  0.2322761389989202 
  0.2397051427826396 
  0.1503810705982488 
  0.0658681461041257 
  0.3210759550886346 
  0.3512406272555432 
  0.0692943313171863 
  1.2678566248625702 
  0.0013678812504260 
  0.2624730924615463 
  0.3809129899209518 
  0.0158897399574908 
  0.3196331355488681 
  0.1471044800382346 
  0.1288928910919775 
  0.0700899296942062 
