  6.2831853071795862 
  1.3632007233689887 
  0.0012751368060497 
 -0.0924912222347526 
 -0.8641537867824463 
  0.4992754668752205 
 -0.0864791420883542 
 -0.0434898719632116 
  0.0130282256840122 
 -0.0013808895747036 
  2.1821155042529736 
  0.0032157152169202 
 -0.0103698575165803 
 -0.0288593212462499 
  0.0310124740595240 
  1.0000000000000000 
  0.0244755672647353 
  0.0256436060293297 
  0.0413823315761041 
  2.2102962725652957 
  0.0797314137957067 
 -0.0397015266736861 
  0.1835431014781046 
  0.1386053163240000 
  0.1625695772697179 
 -0.8696704251634538 
  0.0481605477733814 
 -0.0137028572701564 
  1.6452993968838305 
  0.8516681486132226 
  0.5713019255431725 
  0.2368615109627211 
 -0.0978973666138447 
  0.0054910463726849 
 -0.0295455009345443 
 -0.1107984910078993 
 -0.1125122233604012 
  1.0298271244680739 
  0.3146903088069535 
  0.2607693646441265 
  0.1745934401216938 
  0.0906691322269745 
  0.0314586398172390 
  0.0664777695334922 
  0.3676633390038108 
  0.1114361400379631 
  0.3987735875192979 
  0.0540907670396117 
  0.1913662275491763 
  0.1485100278766525 
  0.1892146946670211 
  0.2983467077933203 
  0.0388486223338330 
  0.2405412945578597 
  0.2238151960145998 
