  6.2831853071795862 
  0.0135623910406258 
 -0.0297940090987624 
 -0.0110904785825890 
 -0.0523522964236331 
  0.9987018507165306 
 -0.0367265205358886 
  0.0044907510949905 
 -0.0047975123243760 
  0.0514088188884086 
 -2.1195081761797772 
  0.1275423362652663 
 -0.0215024949474461 
  0.3057571135961428 
 -0.1893891744825145 
  0.7445067271958469 
  0.3116281624471632 
 -0.1778061770572560 
 -0.2155374120394287 
  1.4896276024300510 
 -0.6981397488303014 
 -0.3212657555818436 
  0.1302788898594369 
  0.5489778636208014 
 -0.2298781141583112 
  0.2426189906940005 
 -0.0638221970793313 
 -0.1346202275086733 
  1.0326367478644707 
 -0.9065362006907053 
  0.7175309229368273 
 -0.0034244993707394 
  0.0034385547849755 
 -0.0834408160024798 
 -0.1786445058464593 
  0.0056623909501271 
 -0.0006020287634719 
  0.2026194114050287 
  0.3047687907986612 
  0.0630390881720872 
  0.3208117837532504 
  0.1841102747871568 
  0.0483571420350299 
  0.0750702456737235 
  0.1181294872567779 
  0.1232992415941855 
  0.3921076077363151 
  0.0229666821839356 
  0.1844358142934214 
  0.3669636729174385 
  0.3491424560982200 
  0.1094342382694135 
  0.1627213918355105 
  0.2379102953755080 
  0.1385649783297568 
