  6.2831853071795862 
  0.0944284717353217 
 -0.0679051056097357 
 -0.0891267578430755 
 -0.4912537507656576 
  0.8595037932671625 
 -0.1159972021018591 
 -0.0295482070233953 
 -0.0279486268481955 
 -0.0010453555041343 
 -1.9790299429184892 
 -0.1096757142523659 
  0.3494553755187857 
  0.2685770019709360 
 -0.3811875663528158 
  0.4993905592772699 
 -0.3966834323961284 
  0.1673065200026176 
 -0.0550992889279333 
 -1.3154149766621446 
 -0.0239858036266592 
 -0.0057896651886674 
 -0.1084819706566883 
  0.1087064165079646 
  0.0168781914175958 
  0.9785721189447218 
 -0.1114166648137448 
 -0.1067905848384694 
 -1.9241679883758507 
  0.3101809956666791 
  0.3155609814180891 
  0.0738648445593749 
 -0.3074225572167308 
  0.2757361303089922 
  0.2297171801502085 
 -0.1024826682234477 
  0.0128462140202465 
  0.4020701986432320 
  0.2028751211595562 
  0.1683396488853143 
  0.1381522113589083 
  0.0474664230307407 
  0.1669542770532789 
  0.1257197832078888 
  0.0939277331188069 
  0.3033627163313753 
  1.0235405156355530 
  0.0580900115000279 
  0.1519427714166481 
  0.1242652464823002 
  0.1763183306146285 
  0.0428072913357584 
  0.1681194822752743 
  0.1454495432792851 
  0.3611400156472909 
