  6.2831853071795862 
  1.2765684107376138 
  0.2115440441487890 
 -0.0239285279730771 
  0.4431916315117968 
 -0.8518246728232390 
  0.0591758614395790 
  0.1811818828802912 
 -0.0740579786175717 
  0.0070558249818533 
 -1.9329692771916844 
 -0.0530821197033961 
  0.4437145488926268 
 -0.2068614638636120 
  0.1837428420645502 
  0.5557593644219536 
  0.2245406103098858 
 -0.2330405345099257 
 -0.1205119773921880 
 -1.7540879191270511 
 -0.3485332596563463 
 -0.6038493725942929 
 -0.4792301168414302 
 -0.5100683913544231 
  0.2306485244206273 
  0.2057700452211207 
 -0.2921521581128083 
  0.0013294108370094 
 -1.5979247012744269 
  0.8669971326280528 
  0.5832185638512886 
 -0.2063987160969688 
  0.0819182742419406 
  0.0077172867995697 
 -0.0544975569890750 
  0.1011680185216232 
  0.1074540683490028 
  0.2971100594929960 
  0.2544667694927817 
  0.1348018315208923 
  0.2048323859098727 
  0.0199151649073412 
  0.2078941938588636 
  0.0633956816688765 
  0.0012179769774020 
  0.3479880354154776 
  0.2872431206895459 
  0.0027218141011094 
  0.1010878579329890 
  0.1603498910874269 
  0.0946947844322988 
  0.1783802995573233 
  0.2250625423018505 
  0.1081335261431373 
  0.2179631661921442 
