  6.2831853071795862 
  1.3160534492437013 
  0.1321645576891635 
 -0.2444335341301690 
  0.6662108243587249 
 -0.6605574761648279 
 -0.2255785640720394 
  0.1234031515584548 
  0.0618726657838631 
 -0.0185635350217216 
 -1.9829518272320121 
 -0.0060276883875570 
  0.3936189086502219 
 -0.2555029839826524 
 -0.3042019999204059 
  0.5285029914834817 
 -0.3380681797087215 
 -0.0772014095173441 
 -0.3815269287206248 
 -1.0980924469423203 
 -0.4054179518380466 
 -0.1430074814181770 
  0.0603090667502057 
 -0.2118254855439719 
  0.0934430174409671 
  0.7177289371740391 
  0.2136286483965841 
  0.1423096883931786 
 -1.7581723540278733 
  0.9512071961447355 
  0.0310101256031895 
 -0.0227970074972350 
  0.3488137322657560 
  0.0435226523324279 
  0.0043551002045461 
  0.0194321528635071 
 -0.1480831216077191 
  1.3709190576152273 
  0.3189337779419109 
  0.2250406965327886 
  0.0271224907906410 
  0.2523179427179762 
  0.2451817966567364 
  0.0309563053475015 
  0.2351515167317462 
  0.0449931045904011 
  0.9316333254607123 
  0.2561690977093668 
  0.3558494952298960 
  0.2071735072870178 
  0.0331810458945109 
  0.1699646731302017 
  0.3773743868769607 
  0.1249650518068908 
  0.0113258283340531 
