  6.2831853071795862 
  0.8424627604991720 
  0.2987250992094606 
 -0.1682400589729040 
  0.8153664740861426 
  0.4238966327571899 
 -0.0254171524660005 
 -0.2740326247784676 
 -0.0886744208296027 
  0.0653057762529214 
  0.9958724500614823 
  0.2835717943111266 
  0.2126515887729884 
  0.6535905802830342 
 -0.0231513885643430 
 -0.4111317294236381 
 -0.2480610620524215 
  0.2032836946438932 
 -0.2573326413354740 
 -1.1357948969596543 
 -0.1263458060225168 
 -0.0609804853379079 
 -0.3108292118310832 
  0.0476236124212561 
 -0.1620424234878581 
 -0.3219699237236983 
 -0.2834749587640187 
  0.6013870637807600 
 -1.3203770964637327 
  0.5303908193071460 
  0.1824224347991745 
  0.0855325602270591 
  0.2065220565923689 
 -0.2361068049480874 
 -0.3619930535886851 
  0.0080461833946501 
 -0.0353768925018130 
  1.5414917341678547 
  0.0366223222532658 
  0.3259575822195594 
  0.0898312784914003 
  0.0223724323992938 
  0.0332647115151390 
  0.0642729942974167 
  0.0835148557927713 
  0.1481432669716435 
  0.5017988692262478 
  0.1490875156698211 
  0.1559979520755670 
  0.0017989092758350 
  0.0583394069541105 
  0.0508044809666207 
  0.3657387632643507 
  0.0234424347270669 
  0.1546449944104735 
