  6.2831853071795862 
  0.9247117571937127 
 -0.0516650102569349 
  0.0871485971880512 
  0.5334396164167821 
 -0.8393994880001495 
  0.0403025184679582 
 -0.0800955644327706 
  0.0402160351073110 
 -0.0266816442860175 
  2.1119192775599767 
  0.0339700163348846 
  0.0141096313643760 
  0.4437204744970211 
 -0.4138039116659424 
 -0.5176919639849954 
  0.2063178341142506 
 -0.3413603859823703 
 -0.0299030676769978 
 -0.9399779861069262 
 -0.0733714771342493 
  0.0784715599046056 
 -0.1699203488953924 
 -0.1784586680004626 
  0.4764109673116719 
 -0.6565959252478238 
 -0.3631119825631484 
 -0.0398997676038387 
 -0.6264925935450856 
  1.1337734992885642 
  0.2259142607041525 
  0.0016864617258080 
  0.0047806677030350 
 -0.1646747585840971 
 -0.1105235538460963 
  0.0060734453484407 
 -0.0002777721669018 
  0.1698590517348816 
  0.0148083201351127 
  0.2214344314622496 
  0.0798022969514577 
  0.0069724155440452 
  0.0660713345408995 
  0.1079439495354132 
  0.1516571671693101 
  0.1530493054582081 
  0.3168251370741144 
  0.0008669316937191 
  0.2047045228895654 
  0.2297906975943854 
  0.0152856560245567 
  0.0303964935724590 
  0.1943769430515470 
  0.0925328104660127 
  0.1454525614664368 
