  6.2831853071795862 
  1.0204894327815381 
  0.0069665617409205 
  0.0922372982142397 
  0.9189590502086916 
  0.3892968315738651 
 -0.0770154273534501 
  0.0586398749084604 
 -0.0129715512635524 
  0.0018385805144485 
  2.1790012779080352 
 -0.0261817644455683 
  0.0015943325530654 
  0.0114675155219415 
 -0.0813699636362329 
  0.9948855913761383 
  0.0764298694899896 
  0.0044854316759033 
 -0.0829642961892984 
 -2.1857665252411969 
 -0.0229107273275993 
  0.0497980260182079 
  0.1271876921585495 
 -0.1089677433794127 
 -0.9201309351169094 
  0.2617998228153619 
 -0.1730124039880918 
 -0.0268564928770256 
  1.5019985427248466 
 -1.0736566529403466 
  0.1693428051585003 
 -0.0494856662793776 
 -0.1534825039582537 
  0.0868474170922066 
 -0.0427658050086796 
  0.0648166470453769 
  0.0878503391784917 
  0.5306519251849456 
  0.3318959121800368 
  0.0017669263055292 
  0.0188582288359775 
  0.0932383015351745 
  0.2235748864998985 
  0.0984585854823160 
  0.1483459230947893 
  0.0022228332415460 
  1.1706327639446934 
  0.2725936419046113 
  0.3418800300616822 
  0.0837882799892039 
  0.3913922402582252 
  0.1097356095839144 
  0.1838062911961366 
  0.0009817787279607 
  0.0106290915816413 
