  6.2831853071795862 
  0.1084429334388784 
  0.0613815272467924 
 -0.0132196073234801 
  0.1600339882878531 
 -0.9889983702943238 
  0.0566282247528664 
  0.0306365526170922 
 -0.0058202969430521 
  0.0052223698071193 
  2.0788084353824372 
 -0.0039693623073828 
 -0.1188003172063166 
 -0.4428339052809397 
 -0.0965277904242585 
 -0.6049275432419182 
  0.2847589661982000 
  0.1576682631179280 
 -0.4357583538604832 
 -0.9893056103411507 
  0.1547510626086702 
 -0.0224015380966130 
  0.0672921601126140 
  0.2281845405759940 
 -0.2171378618641582 
 -0.8304286276397289 
 -0.1361396951626857 
 -0.1425756826793636 
  2.1327188984586329 
  0.5829045974620291 
 -0.0515411120904851 
 -0.0875243929154428 
 -0.4904377678007120 
 -0.1126121661685028 
  0.0307463014339942 
 -0.0071585168372028 
 -0.0210657653686836 
  0.0431948001800494 
  0.2007701111799116 
  0.3371112585696712 
  0.0053770426418445 
  0.2354119728019496 
  0.1724700712593295 
  0.1471368856313307 
  0.2909729929948562 
  0.0970200107937364 
  0.1605148748634034 
  0.1804581473735948 
  0.0673941918634768 
  0.1227931348282673 
  0.2811823738048792 
  0.1714244338425744 
  0.0806127720830898 
  0.2389425035526859 
  0.2044699015066254 
