  6.2831853071795862 
  1.5548102947404565 
  0.0340041936431539 
  0.2693352932500520 
  0.2030779397826593 
  0.9238404712882639 
 -0.0437097457089738 
 -0.1841408093014588 
  0.0492988662436969 
  0.1297928608521480 
 -2.0789008326734559 
 -0.0674806288365116 
  0.1810585136734449 
  0.4890120797528567 
 -0.3353948259128403 
  0.4659265506324935 
  0.3036228618781894 
  0.1125419984511615 
 -0.0584712151809760 
  1.4125748807554046 
  0.4686130042541204 
 -0.1151028329320032 
  0.0620992894491476 
 -0.2570984531900105 
 -0.2164475635595939 
  0.6534346661537302 
 -0.1716026328794364 
  0.1347074123936156 
  1.3999599999550170 
 -0.3950470095528351 
 -0.5331103563990744 
  0.1204504606094152 
 -0.0154080007918620 
  0.0137325136313594 
  0.1062678809808439 
  0.0183365457551566 
 -0.1463292291750856 
  0.3307806575159043 
  0.0939542008073805 
  0.2480314863377222 
  0.3684232681123344 
  0.2395735812302053 
  0.0161628664946867 
  0.0290531546213608 
  0.2080279129657697 
  0.0521744195236005 
  0.8981922270279248 
  0.0618923166493536 
  0.0940803859476090 
  0.1153327161293586 
  0.0180285202461518 
  0.2857361232571335 
  0.1881907400788506 
  0.3442362587532825 
  0.3290807537610954 
