  6.2831853071795862 
  0.1358422917491289 
  0.1089708775458028 
  0.0952878259148169 
  0.6701496497023871 
  0.7219314225972455 
 -0.0772741580657119 
 -0.1192393337290881 
  0.0188707868410410 
  0.0218920702248588 
  2.0168217772436261 
  0.2201926184159933 
  0.2147909749475878 
  0.5372592526472989 
 -0.0865027457957348 
 -0.5687843900828229 
 -0.1954317652285809 
  0.0392440849142930 
 -0.3392459930262791 
 -0.7812600332991081 
  0.1646173433696216 
 -0.1026413363587303 
 -0.1353828217561935 
  0.3358815350341925 
 -0.5419681977848946 
 -0.5563187430931390 
 -0.3483184499479584 
  0.0638436554212049 
 -1.5356304336445534 
  0.5402203786280889 
  0.1955601406923961 
  0.1173153451459136 
  0.0883187375195880 
  0.0628907548391896 
 -0.1677236842040086 
  0.1758217453727001 
 -0.0783647788686271 
  0.6139469088553096 
  0.1126449094503741 
  0.1325232298185374 
  0.1808881797900134 
  0.0438261640112128 
  0.0157679301299078 
  0.0138543045979514 
  0.1714484228808133 
  0.0291455234477013 
  0.3941110368342057 
  0.1902262284725187 
  0.1140844541393702 
  0.0864126151453031 
  0.1323028915136347 
  0.2922902750977385 
  0.0280950252049607 
  0.1557668051445721 
  0.2909761902494516 
