  6.2831853071795862 
  0.5576190112704140 
 -0.0324222799570883 
 -0.0783559767005730 
 -0.2987224924359214 
  0.9519816608679522 
 -0.0716908681866753 
  0.0513755678120250 
  0.0044846192128514 
 -0.0185470575306671 
 -2.1463129375896015 
 -0.1339926844862565 
  0.0028311304152723 
 -0.2614322398128727 
  0.3562536726527469 
  0.5789995005353217 
  0.3671338000310734 
 -0.2752391813630978 
  0.2545011407875837 
 -1.7022091906073609 
 -0.2101511671937072 
  0.1399287511470437 
 -0.1865510506619258 
 -0.1700655391567143 
  0.4305954850527401 
  0.6040119754639933 
  0.1928836138594343 
 -0.1553679489313190 
 -1.6577764524254395 
  0.9342880228806283 
 -0.4051858752726155 
  0.1940037037643576 
  0.1817279556253715 
 -0.0057183754465142 
  0.0171644699250549 
 -0.1443651474246175 
  0.0099191304635655 
  0.2229291505303285 
  0.2943655105094545 
  0.1693344352517591 
  0.2770199933071438 
  0.0183050519547233 
  0.0133221737522889 
  0.3266497886849867 
  0.0994725690752503 
  0.0810942913655636 
  0.8885940001569949 
  0.1287693668871958 
  0.1309973892195828 
  0.3364281285072774 
  0.1729176286202654 
  0.2328470419462049 
  0.1069339746167057 
  0.1942473391290850 
  0.0045745632553567 
