  6.2831853071795862 
  1.1336191689843444 
 -0.0126468237398144 
  0.0412603719116304 
  0.1082573157694950 
  0.9918414348016190 
 -0.0193192198876989 
 -0.0519765132296729 
 -0.0088237185284823 
 -0.0525323399561776 
  1.8768936971348731 
  0.2621349326785670 
 -0.3392517946808328 
  0.5925905115006443 
 -0.1470440311297137 
 -0.5167546007351463 
 -0.0407970195920394 
  0.1117653543504960 
  0.1922077635511193 
 -1.0145299980567077 
  0.0386255399631053 
 -0.0582468529170495 
  0.1062772292057078 
  0.2439400291330271 
  0.0925101305221253 
 -0.8877887358347656 
  0.0376692573528258 
 -0.1671611306032619 
  2.1970665736639821 
  0.4744718977847225 
  0.1769411239851312 
  0.3337354259360616 
 -0.3841412862289842 
 -0.0909926788539107 
 -0.1689867539962531 
  0.0013235515874843 
 -0.0019275446823581 
  0.0659564113882291 
  0.1067867921867067 
  0.0790186864971751 
  0.2395462332379543 
  0.1044845404579474 
  0.0508631903952789 
  0.1466422211256866 
  0.3459578444465259 
  0.0821912972614894 
  0.2311268666368646 
  0.2924342123601864 
  0.2923461094714697 
  0.1382865909286058 
  0.1248053636626753 
  0.1604777198183768 
  0.2730478665180642 
  0.1391563113135640 
  0.0733207715931361 
