  6.2831853071795862 
  1.4957218962810095 
  0.0539185947697886 
  0.0185539042486932 
  0.4992629816675654 
 -0.8601449106675921 
  0.0347264681124171 
  0.0293073507498487 
 -0.0603318409467589 
  0.0315534674328533 
  2.1445641114976954 
  0.0623149612361510 
 -0.0653933439871370 
 -0.2605890242761067 
 -0.2116958561286334 
 -0.6897082392334868 
  0.1394985076066138 
  0.1245740161006809 
 -0.4412628831181119 
 -0.8597846334177041 
  0.3512363225513122 
 -0.1397070738522403 
  0.3353741939267385 
  0.0136058287993804 
 -0.2121068021023994 
 -0.6046548434550111 
 -0.0231631051893296 
  0.1973001472140639 
 -1.4802653915846842 
  0.6573844189691389 
 -0.0392521969938278 
  0.2278977967211951 
  0.1218015716304092 
 -0.0005881129620807 
 -0.0642263123643978 
 -0.0152057589326956 
 -0.0774883546010404 
  1.5320063381846238 
  0.2776102516500632 
  0.0587850574589402 
  0.3666253892877749 
  0.1269673356317560 
  0.0082742718097047 
  0.0331980289308079 
  0.0892248000450867 
  0.1803476699752805 
  0.8514735776137373 
  0.1835745008587171 
  0.3532407854329336 
  0.3779282217010819 
  0.1732796595371251 
  0.0341671208625377 
  0.2356338279020315 
  0.0609432341489319 
  0.0258999640452391 
