  6.2831853071795862 
  0.8209775368674542 
  0.0248492140214828 
  0.0401328586289267 
 -0.8997615223950901 
 -0.4480280027750866 
 -0.0448176312614139 
  0.0041529651286132 
 -0.0141969108331312 
  0.0107210094032572 
  2.1817389917800241 
  0.0086951094650570 
  0.0075412791627396 
  0.0424034380778843 
  0.0147946694296219 
  1.0000000000000000 
  0.0122336955611547 
 -0.0510985475429412 
  0.0072533902668825 
  2.2132011201939874 
  0.1143976687887849 
 -0.0288591955423643 
  0.2702956760876065 
  0.1863962959760435 
  0.2413801953012362 
 -0.7921048167765231 
  0.0830006770200732 
  0.0309487002360865 
  1.6063196371797543 
  0.7790553183332349 
  0.6922139191211271 
  0.2279302076501055 
 -0.0282672903801507 
  0.0260320951884468 
 -0.0422365404560467 
 -0.0330176211717874 
 -0.1427029481612778 
  0.3633370312925374 
  0.1951134850167247 
  0.1264576806461528 
  0.0955358478042248 
  0.0912078515573080 
  0.1677363011406418 
  0.1407015990910340 
  0.1543226775720084 
  0.3314468568886668 
  0.8089747968141785 
  0.0907589255640735 
  0.2336175013775634 
  0.2352789745961694 
  0.1205155826301507 
  0.0832116263736521 
  0.3001165506113069 
  0.0765097825396707 
  0.0002686694667344 
