  6.2831853071795862 
  0.3965204110186880 
  0.0261386415833699 
  0.1559750519907976 
  0.5712309785875466 
 -0.7989608324059194 
  0.1534371989123510 
 -0.0134441224672412 
  0.0345538997158322 
  0.0120974558601606 
 -2.1005617090500008 
  0.3279634000208193 
 -0.4469437642797207 
  0.5498103851098771 
 -0.1627146552705969 
  0.0639182215996907 
 -0.0263901417647648 
  0.0005760739425250 
  0.0645101175726796 
 -1.1017482697950343 
 -0.0008190392294693 
 -0.0975066712779605 
  0.2908110801783952 
 -0.0360431726370783 
 -0.2764864217192234 
  0.8507884559372355 
  0.2370956194894310 
  0.1859200374482281 
 -1.3435947933173340 
  0.7894910393515505 
  0.8310631382294706 
 -0.0459865925193024 
 -0.0039409373759822 
  0.1298497103974349 
 -0.1072747137421041 
  0.0014934746624227 
  0.0384218819063655 
  1.1568654806923120 
  0.1164945210872447 
  0.1674930488245546 
  0.1647326497481948 
  0.1482395709730625 
  0.1499819526738962 
  0.2065641916028906 
  0.2242886144528224 
  0.2555361702170831 
  1.1445047108447004 
  0.0362172007445785 
  0.2092948854876903 
  0.1523588342472791 
  0.2147605125582155 
  0.0885082076822401 
  0.2687037247494324 
  0.1452067565391081 
  0.2567167287378202 
