  6.2831853071795862 
  1.8413553522575652 
  0.0193640884755916 
  0.0149109961185691 
 -0.1234845289009353 
 -0.1356009250993098 
  1.8516310400699687 
  0.0088481774742567 
  0.0383406662456861 
 -0.1450680769112643 
 -0.1388135372598946 
  1.9106537529973822 
  0.0074989877523181 
  0.0132853527620488 
 -0.1229265995680839 
  0.1729170506078253 
  1.8531493965119312 
 -0.0421215543339352 
 -0.0025272007231471 
 -0.0967783878721297 
  0.1049640409661448 
  1.9887729512979138 
 -0.1639917274912727 
 -0.0699374174675523 
 -0.0367169015873255 
  0.0411061855884264 
  1.9754068762297299 
 -0.1436957697045907 
 -0.0589446954941021 
 -0.0017152485466641 
  0.0802562726350591 
