  6.2831853071795862 
  2.0260123937291290 
 -0.0654338783613842 
  0.2035140762487978 
 -0.0270510875361989 
  0.0984249046454873 
  2.0405347408785053 
 -0.1072497956338575 
  0.1125886672814951 
 -0.0714042365904695 
  0.1271140629044038 
  1.9947824506890399 
  0.0131254933847383 
  0.0861575285465123 
  0.0544230760463717 
  0.2273564684139339 
  2.0066538390788433 
 -0.0240221645395600 
  0.0658674544586120 
  0.0321014488883225 
  0.1988840246428535 
  2.0439751997728441 
  0.0082444527950887 
 -0.0206191944122307 
 -0.2074388541753013 
  0.1801077058461046 
  2.0634755022406561 
  0.0052503184098987 
 -0.0731963518761677 
 -0.1964733597037846 
  0.1596524616406443 
