  6.2831853071795862 
  2.0799841847457903 
  0.0326661323143424 
  0.0429030579414896 
 -0.1010669444112476 
 -0.1522544762542721 
  2.0909688877381831 
  0.0286958570809757 
  0.0472719553488566 
 -0.0934490179404471 
 -0.0889501902853528 
  1.9429102041879949 
 -0.1149997209842219 
  0.0521789608178331 
  0.1742232921388896 
  0.1189459878735963 
  2.0218053930880693 
 -0.1314088123409421 
  0.0434173638685910 
  0.1037218268240604 
  0.1006080361330454 
  1.8628727890253729 
  0.1639781107497142 
 -0.0536860696993011 
 -0.0235314934254189 
  0.1817930086412776 
  1.8932099005915382 
  0.1216702114926427 
 -0.0666642047595362 
  0.0148540247299036 
  0.1967218133668323 
