  6.2831853071795862 
  1.9297151184704864 
 -0.0325741656419525 
 -0.1111449389031010 
  0.1330058655931829 
 -0.0286836845769015 
  1.9103879058105941 
 -0.0233523626600313 
 -0.0746991993549958 
  0.1482309613963937 
 -0.0344906185902348 
  1.8432442158012836 
  0.0812926416645274 
 -0.2500565754409473 
 -0.0314856273830781 
  0.1002825857351173 
  1.8257871243564210 
  0.0713718754195027 
 -0.2411840323033010 
  0.0165959140018069 
  0.1594496504320793 
  1.8980631005333330 
 -0.0371203435573367 
  0.0243630202882615 
 -0.1478646370183455 
 -0.0775283683214881 
  1.8556570779514838 
 -0.0102174341306593 
  0.0163215265371654 
 -0.1391647007238961 
 -0.0595723341535978 
