  6.2831853071795862 
  1.9928106216290262 
 -0.0247970489466668 
  0.0187104891828207 
  0.2426418320240395 
  0.2047563131388315 
  2.0433357639429088 
 -0.0209343688513948 
 -0.0289217408749045 
  0.2363594927494856 
  0.1767949073614485 
  1.9780108055963055 
  0.1336260549740228 
  0.1303421072250824 
 -0.0054265751537548 
  0.2154876305137258 
  1.9871886596160426 
  0.1480637548643917 
  0.0697385026731526 
  0.0298492685000003 
  0.2027541525672596 
  2.0656064973110468 
  0.0826807524215049 
  0.0775538817426973 
  0.1444502812894080 
  0.0584432996765208 
  2.0925921740204441 
  0.1122030212870353 
  0.0230276093741972 
  0.1442611057859790 
  0.0383801319004203 
