  6.2831853071795862 
  2.1366545725089909 
 -0.3139200214840256 
 -0.2446888997906406 
  0.2060474574867726 
  0.0331986827997679 
  2.1177297037005496 
 -0.3000806434062340 
 -0.2002090014034265 
  0.2232522315076937 
  0.0424706946339270 
  2.3432212543186921 
  0.2861697852751330 
  0.0574885668684527 
  0.1236254401721757 
 -0.3622751609298434 
  2.3386929400683303 
  0.2295772742193629 
  0.0784764969725580 
  0.1283564449756198 
 -0.3372222617335492 
  2.2213550536518287 
  0.1653314105145483 
 -0.0684276013430581 
  0.1181310091607129 
 -0.3049400988325889 
  2.2406166598690600 
  0.2054819040753422 
  0.0521717634177449 
  0.1093631857948438 
 -0.3511957499884946 
