  6.2831853071795862 
  2.0274359870234151 
  0.0637106821358882 
  0.0657268617115587 
  0.0964851260009131 
  0.1521836168715507 
  2.0173584534246864 
  0.0496453552916083 
  0.0279412118165510 
  0.0776440826330637 
  0.1447105518889560 
  1.9656544444161559 
  0.1329236551871389 
  0.1380165560323447 
  0.0577721953107480 
 -0.1707515606530497 
  1.9624970663596866 
  0.1608413648335870 
  0.1177091037772209 
  0.0911697269525556 
 -0.1376753417446202 
  1.9282827449579412 
  0.1567991350360728 
  0.1018504637671453 
 -0.0349469604368402 
 -0.0280281711356063 
  1.9074179955333612 
  0.1725431732913776 
  0.0680702302569290 
 -0.0715501643563313 
 -0.0429305472874500 
