  6.2831853071795862 
  2.1163005961442249 
  0.0170666859020091 
 -0.0444428841291380 
  0.0267287974337728 
 -0.3448478235545305 
  2.0799223044393131 
  0.0412010540529534 
 -0.0111269144097149 
  0.0112722545464342 
 -0.3154520902200030 
  2.0015852308692601 
 -0.2960247777445987 
 -0.1994247635298675 
 -0.0272934774996721 
  0.0267475302061468 
  1.9805276346959060 
 -0.2835839873316316 
 -0.2058811957952297 
 -0.0383320528912380 
  0.0178656048206277 
  1.9769105074915823 
  0.0290942323938264 
 -0.0683562392656422 
 -0.2829625364132909 
  0.0205737115917343 
  1.9198485241971497 
  0.0272282194976896 
 -0.0527044213399591 
 -0.3207709044695468 
  0.0823775493957474 
