  6.2831853071795862 
  2.0248081783947796 
 -0.0191025405628148 
 -0.1512207267613976 
  0.0320722991798151 
  0.0849184172220679 
  2.0222632482770440 
 -0.0350993826985129 
 -0.1482158825676458 
 -0.0269225327325411 
  0.0904520146285183 
  1.9884012648977858 
  0.0726960893453476 
  0.0950047964829200 
  0.1162213648931063 
 -0.1234521862745046 
  2.0144632301946128 
  0.1012106081896342 
  0.1038120560229235 
  0.1007590424900699 
 -0.0844821461496247 
  1.9254647862518135 
 -0.1137842546732506 
 -0.1113332315376957 
 -0.0689638692398457 
 -0.0683218675546152 
  1.9403256247853740 
 -0.1105565471929131 
 -0.0147210916716719 
 -0.0517886653057027 
 -0.0820842676705105 
