  6.2831853071795862 
  2.1250916049049393 
  0.0445992950209168 
  0.0371325054862834 
  0.2273111657615818 
  0.0892606181773705 
  2.0914127943210814 
  0.0303699907079654 
  0.0380596321719539 
  0.2594474612076444 
  0.0679995436150875 
  2.1147391576133026 
  0.0288999760339905 
  0.0120948108749645 
  0.1932763262229162 
  0.1610133531148014 
  2.1262847475498377 
  0.0289726776987393 
  0.0049421028596898 
  0.2628516220804962 
  0.1327517546005211 
  1.9877760894079644 
  0.2972804037915721 
  0.0078226993336665 
  0.0195823562508511 
  0.0453333652953958 
  2.0196301012028308 
  0.2802280899148025 
  0.0269157514807160 
  0.0356401223711555 
  0.0109161311440925 
