  6.2831853071795862 
  2.0076613154291421 
  0.1151778107120363 
  0.1061310304396304 
  0.0964411021032705 
 -0.0818266319827681 
  1.9839182941026192 
  0.1618011023179868 
  0.0886705570350385 
  0.1211541175845241 
 -0.0746869018883806 
  2.1106758202961808 
 -0.1518739576227696 
  0.0585543954247513 
 -0.1007516578144021 
  0.0109721404775307 
  2.0997738281322031 
 -0.0942576966413950 
  0.1210506591442553 
 -0.0734648246706406 
 -0.0217967305956493 
  2.0136385874160676 
  0.0137079730634965 
 -0.1591176696021219 
  0.1546418458884658 
 -0.0407529375649791 
  2.0153155793871393 
 -0.0021927368260016 
 -0.1562325013182117 
  0.1035071975464181 
 -0.0016722025863487 
