  6.2831853071795862 
  1.9055412364821007 
 -0.0249011011422438 
  0.0159241564949636 
 -0.0815915115033494 
  0.3044068312247802 
  1.9182430042990157 
 -0.0599250094457820 
  0.0037085782847996 
 -0.0858102401941669 
  0.2219205900324953 
  2.1200105025915192 
 -0.0262785757153826 
  0.0217372663469588 
  0.1522262660591178 
  0.0103555351912219 
  2.1088269633389882 
 -0.0067620408211429 
 -0.0240307820675094 
  0.1785700719339589 
  0.0063075646848583 
  1.9929729388115449 
 -0.3019194377888678 
 -0.0278182052790456 
 -0.0073899151448884 
  0.1183714914246320 
  2.0347747914603360 
 -0.2536795075066855 
  0.0675924996384421 
  0.0428297929839408 
  0.0464663053148976 
