  6.2831853071795862 
  1.9209528791433914 
  0.0233479675429685 
  0.0877727899590462 
  0.1497994447288317 
  0.0839264323424448 
  1.9252191551834188 
 -0.0085235793105468 
  0.0815944760449420 
  0.0888724636807808 
  0.0932864574343412 
  2.0719628202029186 
  0.1453520342076937 
  0.0864591794198095 
  0.1282911514224881 
 -0.0461962014346323 
  2.0238718418007231 
  0.1304662646424586 
  0.0708047151941290 
  0.1347609389854215 
 -0.0510332706746188 
  2.1272759146826807 
  0.0329962350704724 
  0.0647247619232460 
  0.0526172173922777 
  0.1798958308125787 
  2.1180807943343760 
  0.0345316930935057 
  0.0382633967068716 
  0.0355689337795883 
  0.1775658037454466 
