  6.2831853071795862 
  2.0097041666536732 
  0.0454770002686302 
 -0.1080429100674927 
  0.0421961697754875 
  0.1165843760476100 
  2.0190586573295501 
  0.0683633718308328 
 -0.0246672911360800 
  0.1002584469884204 
  0.1142912388639898 
  1.9278843960888203 
 -0.0348882849235434 
 -0.0370253019024089 
 -0.2377941551069536 
 -0.1638668118395929 
  1.9540325734053534 
 -0.0197333524357272 
 -0.0273576402438169 
 -0.2346009702039476 
 -0.1704337992819299 
  1.9372574850252491 
  0.1750964656164820 
  0.1253192752474404 
 -0.0303762270534709 
 -0.0856424312581404 
  1.9139505884791732 
  0.1608685716481709 
  0.1654135203358577 
 -0.0681706350371752 
 -0.0680125997749757 
