t	dx	dy	dz	da	db	dc	
0	1	0	0	0	2	-1.03897e-06	
5e-05	1	-5.11956e-10	-5.34833e-16	2.65308e-11	2	-1.03897e-06	
0.0001	1.00005	-4.20138e-10	-4.39893e-16	2.17726e-11	1.99963	2.28172e-07	
0.00015	1.00011	5.58557e-11	5.8559e-17	-2.89458e-12	1.99916	2.76144e-06	
0.0002	1.00009	-2.2706e-10	-2.20184e-16	1.17668e-11	1.99927	5.29365e-06	
0.00025	1.00005	-1.49096e-09	-1.49299e-15	7.72653e-11	1.99964	7.82586e-06	
0.0003	1.00004	-3.49201e-09	-3.48918e-15	1.80965e-10	1.99967	1.03581e-05	
0.00035	1.00008	-5.97144e-09	-5.92249e-15	3.09455e-10	1.99942	1.28901e-05	
0.0004	1.00009	-8.74295e-09	-8.58243e-15	4.53081e-10	1.99932	1.54223e-05	
0.00045	1.00007	-1.16875e-08	-1.13289e-14	6.05674e-10	1.99947	1.79546e-05	
0.0005	1.00005	-1.47328e-08	-1.40708e-14	7.6349e-10	1.99959	2.04869e-05	
0.00055	1.00006	-1.78363e-08	-1.6748e-14	9.24321e-10	1.99951	2.3019e-05	
0.0006	1.00008	-2.09733e-08	-1.93192e-14	1.08689e-09	1.99941	2.55511e-05	
0.00065	1.00007	-2.41295e-08	-2.17539e-14	1.25045e-09	1.99943	2.80833e-05	
0.0007	1.00006	-2.72968e-08	-2.4028e-14	1.41459e-09	1.99951	3.06155e-05	
0.00075	1.00006	-3.04704e-08	-2.61209e-14	1.57905e-09	1.99952	3.31477e-05	
0.0008	1.00007	-3.36475e-08	-2.80145e-14	1.74369e-09	1.99947	3.56798e-05	
0.00085	1.00007	-3.68267e-08	-2.96915e-14	1.90845e-09	1.99945	3.8212e-05	
0.0009	1.00007	-4.00071e-08	-3.11355e-14	2.07326e-09	1.99948	4.07442e-05	
0.00095	1.00007	-4.31882e-08	-3.23304e-14	2.23811e-09	1.9995	4.32763e-05	
0.001	1.00007	-4.63696e-08	-3.32605e-14	2.40298e-09	1.99949	4.58085e-05	
0.00105	1.00007	-4.95512e-08	-3.39099e-14	2.56786e-09	1.99946	4.83406e-05	
0.0011	1.00007	-5.2733e-08	-3.42632e-14	2.73275e-09	1.99947	5.08727e-05	
0.00115	1.00007	-5.59148e-08	-3.43046e-14	2.89764e-09	1.99948	5.34049e-05	
0.0012	1.00007	-5.90967e-08	-3.40187e-14	3.06253e-09	1.99949	5.5937e-05	
0.00125	1.00007	-6.22786e-08	-3.33899e-14	3.22743e-09	1.99948	5.84691e-05	
0.0013	1.00007	-6.54605e-08	-3.24027e-14	3.39232e-09	1.99947	6.10012e-05	
0.00135	1.00007	-6.86424e-08	-3.10415e-14	3.55721e-09	1.99948	6.35333e-05	
0.0014	1.00007	-7.18243e-08	-2.92909e-14	3.72211e-09	1.99948	6.60654e-05	
0.00145	1.00007	-7.50062e-08	-2.71352e-14	3.887e-09	1.99948	6.85975e-05	
0.0015	1.00007	-7.81881e-08	-2.45591e-14	4.0519e-09	1.99948	7.11296e-05	
0.00155	1.00007	-8.137e-08	-2.15468e-14	4.21679e-09	1.99948	7.36617e-05	
0.0016	1.00007	-8.45518e-08	-1.8083e-14	4.38168e-09	1.99948	7.61938e-05	
0.00165	1.00007	-8.77337e-08	-1.41521e-14	4.54657e-09	1.99948	7.87259e-05	
0.0017	1.00007	-9.09156e-08	-9.73853e-15	4.71147e-09	1.99948	8.12579e-05	
0.00175	1.00007	-9.40974e-08	-4.82683e-15	4.87636e-09	1.99948	8.379e-05	
0.0018	1.00007	-9.72793e-08	5.98529e-16	5.04125e-09	1.99948	8.63221e-05	
0.00185	1.00007	-1.00461e-07	6.55309e-15	5.20614e-09	1.99948	8.88541e-05	
0.0019	1.00007	-1.03643e-07	1.30524e-14	5.37103e-09	1.99948	9.13862e-05	
0.00195	1.00007	-1.06825e-07	2.01119e-14	5.53592e-09	1.99948	9.39182e-05	
0.002	1.00007	-1.10007e-07	2.77471e-14	5.70081e-09	1.99948	9.64502e-05	
0.00205	1.00007	-1.13189e-07	3.59737e-14	5.8657e-09	1.99948	9.89823e-05	
0.0021	1.00007	-1.1637e-07	4.4807e-14	6.03059e-09	1.99948	0.000101514	
0.00215	1.00007	-1.19552e-07	5.42627e-14	6.19548e-09	1.99948	0.000104046	
0.0022	1.00007	-1.22734e-07	6.43562e-14	6.36037e-09	1.99948	0.000106578	
0.00225	1.00007	-1.25916e-07	7.51031e-14	6.52526e-09	1.99948	0.00010911	
0.0023	1.00007	-1.29098e-07	8.65189e-14	6.69015e-09	1.99948	0.000111642	
0.00235	1.00007	-1.32279e-07	9.86191e-14	6.85504e-09	1.99948	0.000114174	
0.0024	1.00007	-1.35461e-07	1.11419e-13	7.01993e-09	1.99948	0.000116706	
0.00245	1.00007	-1.38643e-07	1.24935e-13	7.18482e-09	1.99948	0.000119238	
0.0025	1.00007	-1.41825e-07	1.39181e-13	7.3497e-09	1.99948	0.00012177	
0.00255	1.00007	-1.45007e-07	1.54174e-13	7.51459e-09	1.99948	0.000124302	
0.0026	1.00007	-1.48188e-07	1.69929e-13	7.67948e-09	1.99948	0.000126834	
0.00265	1.00007	-1.5137e-07	1.86462e-13	7.84437e-09	1.99948	0.000129366	
0.0027	1.00007	-1.54552e-07	2.03788e-13	8.00925e-09	1.99948	0.000131898	
0.00275	1.00007	-1.57734e-07	2.21922e-13	8.17414e-09	1.99948	0.00013443	
0.0028	1.00007	-1.60915e-07	2.4088e-13	8.33903e-09	1.99948	0.000136962	
0.00285	1.00007	-1.64097e-07	2.60678e-13	8.50391e-09	1.99948	0.000139494	
0.0029	1.00007	-1.67279e-07	2.81331e-13	8.6688e-09	1.99948	0.000142026	
0.00295	1.00007	-1.70461e-07	3.02855e-13	8.83368e-09	1.99948	0.000144558	
0.003	1.00007	-1.73642e-07	3.25265e-13	8.99857e-09	1.99948	0.00014709	
0.00305	1.00007	-1.76824e-07	3.48577e-13	9.16345e-09	1.99948	0.000149622	
0.0031	1.00007	-1.80006e-07	3.72806e-13	9.32833e-09	1.99948	0.000152154	
0.00315	1.00007	-1.83187e-07	3.97967e-13	9.49322e-09	1.99948	0.000154686	
0.0032	1.00007	-1.86369e-07	4.24077e-13	9.6581e-09	1.99948	0.000157218	
0.00325	1.00007	-1.89551e-07	4.51151e-13	9.82299e-09	1.99948	0.000159749	
0.0033	1.00007	-1.92733e-07	4.79204e-13	9.98787e-09	1.99948	0.000162281	
0.00335	1.00007	-1.95914e-07	5.08251e-13	1.01528e-08	1.99948	0.000164813	
0.0034	1.00007	-1.99096e-07	5.38309e-13	1.03176e-08	1.99948	0.000167345	
0.00345	1.00007	-2.02278e-07	5.69393e-13	1.04825e-08	1.99948	0.000169877	
0.0035	1.00007	-2.05459e-07	6.01519e-13	1.06474e-08	1.99948	0.000172409	
0.00355	1.00007	-2.08641e-07	6.34701e-13	1.08123e-08	1.99948	0.000174941	
0.0036	1.00007	-2.11823e-07	6.68955e-13	1.09772e-08	1.99948	0.000177473	
0.00365	1.00007	-2.15004e-07	7.04298e-13	1.1142e-08	1.99948	0.000180004	
0.0037	1.00007	-2.18186e-07	7.40744e-13	1.13069e-08	1.99948	0.000182536	
0.00375	1.00007	-2.21367e-07	7.78309e-13	1.14718e-08	1.99948	0.000185068	
0.0038	1.00007	-2.24549e-07	8.17008e-13	1.16367e-08	1.99948	0.0001876	
0.00385	1.00007	-2.27731e-07	8.56858e-13	1.18016e-08	1.99948	0.000190132	
0.0039	1.00007	-2.30912e-07	8.97872e-13	1.19664e-08	1.99948	0.000192664	
0.00395	1.00007	-2.34094e-07	9.40068e-13	1.21313e-08	1.99948	0.000195195	
0.004	1.00007	-2.37276e-07	9.83461e-13	1.22962e-08	1.99948	0.000197727	
0.00405	1.00007	-2.40457e-07	1.02807e-12	1.24611e-08	1.99948	0.000200259	
0.0041	1.00007	-2.43639e-07	1.0739e-12	1.2626e-08	1.99948	0.000202791	
0.00415	1.00007	-2.4682e-07	1.12097e-12	1.27908e-08	1.99948	0.000205323	
0.0042	1.00007	-2.50002e-07	1.16931e-12	1.29557e-08	1.99948	0.000207854	
0.00425	1.00007	-2.53184e-07	1.21891e-12	1.31206e-08	1.99948	0.000210386	
0.0043	1.00007	-2.56365e-07	1.26981e-12	1.32855e-08	1.99948	0.000212918	
0.00435	1.00007	-2.59547e-07	1.32202e-12	1.34503e-08	1.99948	0.00021545	
0.0044	1.00007	-2.62728e-07	1.37554e-12	1.36152e-08	1.99948	0.000217982	
0.00445	1.00007	-2.6591e-07	1.4304e-12	1.37801e-08	1.99948	0.000220513	
0.0045	1.00007	-2.69091e-07	1.48661e-12	1.3945e-08	1.99948	0.000223045	
0.00455	1.00007	-2.72273e-07	1.54419e-12	1.41098e-08	1.99948	0.000225577	
0.0046	1.00007	-2.75454e-07	1.60315e-12	1.42747e-08	1.99948	0.000228109	
0.00465	1.00007	-2.78636e-07	1.66351e-12	1.44396e-08	1.99948	0.00023064	
0.0047	1.00007	-2.81817e-07	1.72528e-12	1.46045e-08	1.99948	0.000233172	
0.00475	1.00007	-2.84999e-07	1.78849e-12	1.47693e-08	1.99948	0.000235704	
0.0048	1.00007	-2.8818e-07	1.85313e-12	1.49342e-08	1.99948	0.000238236	
0.00485	1.00007	-2.91362e-07	1.91924e-12	1.50991e-08	1.99948	0.000240767	
0.0049	1.00007	-2.94543e-07	1.98682e-12	1.5264e-08	1.99948	0.000243299	
0.00495	1.00007	-2.97725e-07	2.0559e-12	1.54288e-08	1.99948	0.000245831	
0.005	1.00007	-3.00906e-07	2.12648e-12	1.55937e-08	1.99948	0.000248362	
0.00505	1.00007	-3.04088e-07	2.19859e-12	1.57586e-08	1.99948	0.000250894	
0.0051	1.00007	-3.07269e-07	2.27223e-12	1.59234e-08	1.99948	0.000253426	
0.00515	1.00007	-3.10451e-07	2.34742e-12	1.60883e-08	1.99948	0.000255957	
0.0052	1.00007	-3.13632e-07	2.42419e-12	1.62532e-08	1.99948	0.000258489	
0.00525	1.00007	-3.16814e-07	2.50254e-12	1.64181e-08	1.99948	0.000261021	
0.0053	1.00007	-3.19995e-07	2.58249e-12	1.65829e-08	1.99948	0.000263552	
0.00535	1.00007	-3.23177e-07	2.66405e-12	1.67478e-08	1.99948	0.000266084	
0.0054	1.00007	-3.26358e-07	2.74725e-12	1.69127e-08	1.99948	0.000268616	
0.00545	1.00007	-3.2954e-07	2.83209e-12	1.70775e-08	1.99948	0.000271147	
0.0055	1.00007	-3.32721e-07	2.91859e-12	1.72424e-08	1.99948	0.000273679	
0.00555	1.00007	-3.35902e-07	3.00677e-12	1.74073e-08	1.99948	0.000276211	
0.0056	1.00007	-3.39084e-07	3.09665e-12	1.75721e-08	1.99948	0.000278742	
0.00565	1.00007	-3.42265e-07	3.18823e-12	1.7737e-08	1.99948	0.000281274	
0.0057	1.00007	-3.45447e-07	3.28154e-12	1.79019e-08	1.99948	0.000283805	
0.00575	1.00007	-3.48628e-07	3.37659e-12	1.80667e-08	1.99948	0.000286337	
0.0058	1.00007	-3.51809e-07	3.47339e-12	1.82316e-08	1.99948	0.000288869	
0.00585	1.00007	-3.54991e-07	3.57196e-12	1.83965e-08	1.99948	0.0002914	
0.0059	1.00007	-3.58172e-07	3.67232e-12	1.85613e-08	1.99948	0.000293932	
0.00595	1.00007	-3.61353e-07	3.77448e-12	1.87262e-08	1.99948	0.000296463	
0.006	1.00007	-3.64535e-07	3.87846e-12	1.88911e-08	1.99948	0.000298995	
0.00605	1.00007	-3.67716e-07	3.98427e-12	1.90559e-08	1.99948	0.000301527	
0.0061	1.00007	-3.70898e-07	4.09192e-12	1.92208e-08	1.99948	0.000304058	
0.00615	1.00007	-3.74079e-07	4.20145e-12	1.93857e-08	1.99948	0.00030659	
0.0062	1.00007	-3.7726e-07	4.31285e-12	1.95505e-08	1.99948	0.000309121	
0.00625	1.00007	-3.80442e-07	4.42614e-12	1.97154e-08	1.99948	0.000311653	
0.0063	1.00007	-3.83623e-07	4.54135e-12	1.98803e-08	1.99948	0.000314184	
0.00635	1.00007	-3.86804e-07	4.65848e-12	2.00451e-08	1.99948	0.000316716	
0.0064	1.00007	-3.89985e-07	4.77755e-12	2.021e-08	1.99948	0.000319247	
0.00645	1.00007	-3.93167e-07	4.89858e-12	2.03749e-08	1.99948	0.000321779	
0.0065	1.00007	-3.96348e-07	5.02158e-12	2.05397e-08	1.99948	0.00032431	
0.00655	1.00007	-3.99529e-07	5.14657e-12	2.07046e-08	1.99948	0.000326842	
0.0066	1.00007	-4.02711e-07	5.27357e-12	2.08694e-08	1.99948	0.000329373	
0.00665	1.00007	-4.05892e-07	5.40258e-12	2.10343e-08	1.99948	0.000331905	
0.0067	1.00007	-4.09073e-07	5.53362e-12	2.11992e-08	1.99948	0.000334436	
0.00675	1.00007	-4.12254e-07	5.66672e-12	2.1364e-08	1.99948	0.000336968	
0.0068	1.00007	-4.15436e-07	5.80188e-12	2.15289e-08	1.99948	0.000339499	
0.00685	1.00007	-4.18617e-07	5.93912e-12	2.16937e-08	1.99948	0.000342031	
0.0069	1.00007	-4.21798e-07	6.07846e-12	2.18586e-08	1.99948	0.000344562	
0.00695	1.00007	-4.24979e-07	6.21991e-12	2.20235e-08	1.99948	0.000347094	
0.007	1.00007	-4.28161e-07	6.36349e-12	2.21883e-08	1.99948	0.000349625	
0.00705	1.00007	-4.31342e-07	6.50921e-12	2.23532e-08	1.99948	0.000352157	
0.0071	1.00007	-4.34523e-07	6.65709e-12	2.2518e-08	1.99948	0.000354688	
0.00715	1.00007	-4.37704e-07	6.80714e-12	2.26829e-08	1.99948	0.00035722	
0.0072	1.00007	-4.40885e-07	6.95938e-12	2.28478e-08	1.99948	0.000359751	
0.00725	1.00007	-4.44067e-07	7.11383e-12	2.30126e-08	1.99948	0.000362282	
0.0073	1.00007	-4.47248e-07	7.2705e-12	2.31775e-08	1.99948	0.000364814	
0.00735	1.00007	-4.50429e-07	7.4294e-12	2.33423e-08	1.99948	0.000367345	
0.0074	1.00007	-4.5361e-07	7.59056e-12	2.35072e-08	1.99948	0.000369877	
0.00745	1.00007	-4.56791e-07	7.75398e-12	2.3672e-08	1.99948	0.000372408	
0.0075	1.00007	-4.59972e-07	7.91968e-12	2.38369e-08	1.99948	0.000374939	
0.00755	1.00007	-4.63154e-07	8.08768e-12	2.40017e-08	1.99948	0.000377471	
0.0076	1.00007	-4.66335e-07	8.258e-12	2.41666e-08	1.99948	0.000380002	
0.00765	1.00007	-4.69516e-07	8.43064e-12	2.43315e-08	1.99948	0.000382534	
0.0077	1.00007	-4.72697e-07	8.60563e-12	2.44963e-08	1.99948	0.000385065	
0.00775	1.00007	-4.75878e-07	8.78298e-12	2.46612e-08	1.99948	0.000387596	
0.0078	1.00007	-4.79059e-07	8.9627e-12	2.4826e-08	1.99948	0.000390128	
0.00785	1.00007	-4.8224e-07	9.14482e-12	2.49909e-08	1.99948	0.000392659	
0.0079	1.00007	-4.85421e-07	9.32934e-12	2.51557e-08	1.99948	0.00039519	
0.00795	1.00007	-4.88603e-07	9.51629e-12	2.53206e-08	1.99948	0.000397722	
0.008	1.00007	-4.91784e-07	9.70567e-12	2.54854e-08	1.99948	0.000400253	
0.00805	1.00007	-4.94965e-07	9.8975e-12	2.56503e-08	1.99948	0.000402784	
0.0081	1.00007	-4.98146e-07	1.00918e-11	2.58151e-08	1.99948	0.000405316	
0.00815	1.00007	-5.01327e-07	1.02886e-11	2.598e-08	1.99948	0.000407847	
0.0082	1.00007	-5.04508e-07	1.04879e-11	2.61448e-08	1.99948	0.000410378	
0.00825	1.00007	-5.07689e-07	1.06897e-11	2.63097e-08	1.99948	0.00041291	
0.0083	1.00007	-5.1087e-07	1.0894e-11	2.64745e-08	1.99948	0.000415441	
0.00835	1.00007	-5.14051e-07	1.11009e-11	2.66394e-08	1.99948	0.000417972	
0.0084	1.00007	-5.17232e-07	1.13103e-11	2.68042e-08	1.99948	0.000420503	
0.00845	1.00007	-5.20413e-07	1.15223e-11	2.69691e-08	1.99948	0.000423035	
0.0085	1.00007	-5.23594e-07	1.1737e-11	2.71339e-08	1.99948	0.000425566	
0.00855	1.00007	-5.26775e-07	1.19542e-11	2.72988e-08	1.99948	0.000428097	
0.0086	1.00007	-5.29956e-07	1.2174e-11	2.74636e-08	1.99948	0.000430628	
0.00865	1.00007	-5.33137e-07	1.23965e-11	2.76285e-08	1.99948	0.00043316	
0.0087	1.00007	-5.36318e-07	1.26216e-11	2.77933e-08	1.99948	0.000435691	
0.00875	1.00007	-5.39499e-07	1.28494e-11	2.79582e-08	1.99948	0.000438222	
0.0088	1.00007	-5.4268e-07	1.30799e-11	2.8123e-08	1.99948	0.000440753	
0.00885	1.00007	-5.45861e-07	1.33131e-11	2.82878e-08	1.99948	0.000443284	
0.0089	1.00007	-5.49042e-07	1.3549e-11	2.84527e-08	1.99948	0.000445816	
0.00895	1.00007	-5.52223e-07	1.37877e-11	2.86175e-08	1.99948	0.000448347	
0.009	1.00007	-5.55404e-07	1.4029e-11	2.87824e-08	1.99948	0.000450878	
0.00905	1.00007	-5.58585e-07	1.42732e-11	2.89472e-08	1.99948	0.000453409	
0.0091	1.00007	-5.61766e-07	1.45201e-11	2.91121e-08	1.99948	0.00045594	
0.00915	1.00007	-5.64947e-07	1.47699e-11	2.92769e-08	1.99948	0.000458472	
0.0092	1.00007	-5.68128e-07	1.50224e-11	2.94417e-08	1.99948	0.000461003	
0.00925	1.00007	-5.71308e-07	1.52777e-11	2.96066e-08	1.99948	0.000463534	
0.0093	1.00007	-5.74489e-07	1.55359e-11	2.97714e-08	1.99948	0.000466065	
0.00935	1.00007	-5.7767e-07	1.5797e-11	2.99363e-08	1.99948	0.000468596	
0.0094	1.00007	-5.80851e-07	1.60609e-11	3.01011e-08	1.99948	0.000471127	
0.00945	1.00007	-5.84032e-07	1.63277e-11	3.0266e-08	1.99948	0.000473658	
0.0095	1.00007	-5.87213e-07	1.65975e-11	3.04308e-08	1.99948	0.00047619	
0.00955	1.00007	-5.90394e-07	1.68701e-11	3.05956e-08	1.99948	0.000478721	
0.0096	1.00007	-5.93575e-07	1.71457e-11	3.07605e-08	1.99948	0.000481252	
0.00965	1.00007	-5.96755e-07	1.74242e-11	3.09253e-08	1.99948	0.000483783	
0.0097	1.00007	-5.99936e-07	1.77057e-11	3.10902e-08	1.99948	0.000486314	
0.00975	1.00007	-6.03117e-07	1.79901e-11	3.1255e-08	1.99948	0.000488845	
0.0098	1.00007	-6.06298e-07	1.82776e-11	3.14198e-08	1.99948	0.000491376	
0.00985	1.00007	-6.09479e-07	1.8568e-11	3.15847e-08	1.99948	0.000493907	
0.0099	1.00007	-6.1266e-07	1.88615e-11	3.17495e-08	1.99948	0.000496438	
0.00995	1.00007	-6.1584e-07	1.91581e-11	3.19143e-08	1.99948	0.000498969	
0.01	1.00007	-6.19021e-07	1.94577e-11	3.20792e-08	1.99948	0.0005015	
0.01005	1.00007	-6.22202e-07	1.97603e-11	3.2244e-08	1.99948	0.000504032	
0.0101	1.00007	-6.25383e-07	2.00661e-11	3.24089e-08	1.99948	0.000506563	
0.01015	1.00007	-6.28564e-07	2.0375e-11	3.25737e-08	1.99948	0.000509094	
0.0102	1.00007	-6.31744e-07	2.06869e-11	3.27385e-08	1.99948	0.000511625	
0.01025	1.00007	-6.34925e-07	2.10021e-11	3.29034e-08	1.99948	0.000514156	
0.0103	1.00007	-6.38106e-07	2.13203e-11	3.30682e-08	1.99948	0.000516687	
0.01035	1.00007	-6.41287e-07	2.16418e-11	3.3233e-08	1.99948	0.000519218	
0.0104	1.00007	-6.44467e-07	2.19664e-11	3.33979e-08	1.99948	0.000521749	
0.01045	1.00007	-6.47648e-07	2.22942e-11	3.35627e-08	1.99948	0.00052428	
0.0105	1.00007	-6.50829e-07	2.26252e-11	3.37275e-08	1.99948	0.000526811	
0.01055	1.00007	-6.54009e-07	2.29595e-11	3.38924e-08	1.99948	0.000529342	
0.0106	1.00007	-6.5719e-07	2.3297e-11	3.40572e-08	1.99948	0.000531873	
0.01065	1.00007	-6.60371e-07	2.36377e-11	3.4222e-08	1.99948	0.000534404	
0.0107	1.00007	-6.63552e-07	2.39817e-11	3.43869e-08	1.99948	0.000536934	
0.01075	1.00007	-6.66732e-07	2.43291e-11	3.45517e-08	1.99948	0.000539465	
0.0108	1.00007	-6.69913e-07	2.46797e-11	3.47165e-08	1.99948	0.000541996	
0.01085	1.00007	-6.73094e-07	2.50336e-11	3.48813e-08	1.99948	0.000544527	
0.0109	1.00007	-6.76274e-07	2.53909e-11	3.50462e-08	1.99948	0.000547058	
0.01095	1.00007	-6.79455e-07	2.57516e-11	3.5211e-08	1.99948	0.000549589	
0.011	1.00007	-6.82636e-07	2.61156e-11	3.53758e-08	1.99948	0.00055212	
0.01105	1.00007	-6.85816e-07	2.64829e-11	3.55407e-08	1.99948	0.000554651	
0.0111	1.00007	-6.88997e-07	2.68537e-11	3.57055e-08	1.99948	0.000557182	
0.01115	1.00007	-6.92177e-07	2.72279e-11	3.58703e-08	1.99948	0.000559713	
0.0112	1.00007	-6.95358e-07	2.76056e-11	3.60351e-08	1.99948	0.000562244	
0.01125	1.00007	-6.98539e-07	2.79866e-11	3.62e-08	1.99948	0.000564775	
0.0113	1.00007	-7.01719e-07	2.83712e-11	3.63648e-08	1.99948	0.000567305	
0.01135	1.00007	-7.049e-07	2.87592e-11	3.65296e-08	1.99948	0.000569836	
0.0114	1.00007	-7.0808e-07	2.91507e-11	3.66944e-08	1.99948	0.000572367	
0.01145	1.00007	-7.11261e-07	2.95457e-11	3.68593e-08	1.99948	0.000574898	
0.0115	1.00007	-7.14442e-07	2.99442e-11	3.70241e-08	1.99948	0.000577429	
0.01155	1.00007	-7.17622e-07	3.03463e-11	3.71889e-08	1.99948	0.00057996	
0.0116	1.00007	-7.20803e-07	3.07519e-11	3.73537e-08	1.99948	0.00058249	
0.01165	1.00007	-7.23983e-07	3.11611e-11	3.75186e-08	1.99948	0.000585021	
0.0117	1.00007	-7.27164e-07	3.15739e-11	3.76834e-08	1.99948	0.000587552	
0.01175	1.00007	-7.30344e-07	3.19903e-11	3.78482e-08	1.99948	0.000590083	
0.0118	1.00007	-7.33525e-07	3.24102e-11	3.8013e-08	1.99948	0.000592614	
0.01185	1.00007	-7.36705e-07	3.28339e-11	3.81779e-08	1.99948	0.000595145	
0.0119	1.00007	-7.39886e-07	3.32611e-11	3.83427e-08	1.99948	0.000597675	
0.01195	1.00007	-7.43066e-07	3.36921e-11	3.85075e-08	1.99948	0.000600206	
0.012	1.00007	-7.46247e-07	3.41267e-11	3.86723e-08	1.99948	0.000602737	
0.01205	1.00007	-7.49427e-07	3.4565e-11	3.88371e-08	1.99948	0.000605268	
0.0121	1.00007	-7.52608e-07	3.5007e-11	3.9002e-08	1.99948	0.000607798	
0.01215	1.00007	-7.55788e-07	3.54527e-11	3.91668e-08	1.99948	0.000610329	
0.0122	1.00007	-7.58969e-07	3.59022e-11	3.93316e-08	1.99948	0.00061286	
0.01225	1.00007	-7.62149e-07	3.63554e-11	3.94964e-08	1.99948	0.000615391	
0.0123	1.00007	-7.6533e-07	3.68124e-11	3.96612e-08	1.99948	0.000617921	
0.01235	1.00007	-7.6851e-07	3.72732e-11	3.98261e-08	1.99948	0.000620452	
0.0124	1.00007	-7.7169e-07	3.77378e-11	3.99909e-08	1.99948	0.000622983	
0.01245	1.00007	-7.74871e-07	3.82062e-11	4.01557e-08	1.99948	0.000625513	
0.0125	1.00007	-7.78051e-07	3.86784e-11	4.03205e-08	1.99948	0.000628044	
0.01255	1.00007	-7.81232e-07	3.91545e-11	4.04853e-08	1.99948	0.000630575	
0.0126	1.00007	-7.84412e-07	3.96345e-11	4.06501e-08	1.99948	0.000633106	
0.01265	1.00007	-7.87592e-07	4.01183e-11	4.08149e-08	1.99948	0.000635636	
0.0127	1.00007	-7.90773e-07	4.0606e-11	4.09798e-08	1.99948	0.000638167	
0.01275	1.00007	-7.93953e-07	4.10977e-11	4.11446e-08	1.99948	0.000640698	
0.0128	1.00007	-7.97133e-07	4.15932e-11	4.13094e-08	1.99948	0.000643228	
0.01285	1.00007	-8.00314e-07	4.20927e-11	4.14742e-08	1.99948	0.000645759	
0.0129	1.00007	-8.03494e-07	4.25962e-11	4.1639e-08	1.99948	0.000648289	
0.01295	1.00007	-8.06675e-07	4.31036e-11	4.18038e-08	1.99948	0.00065082	
0.013	1.00007	-8.09855e-07	4.3615e-11	4.19686e-08	1.99948	0.000653351	
0.01305	1.00007	-8.13035e-07	4.41304e-11	4.21335e-08	1.99948	0.000655881	
0.0131	1.00007	-8.16215e-07	4.46499e-11	4.22983e-08	1.99948	0.000658412	
0.01315	1.00007	-8.19396e-07	4.51733e-11	4.24631e-08	1.99948	0.000660943	
0.0132	1.00007	-8.22576e-07	4.57008e-11	4.26279e-08	1.99948	0.000663473	
0.01325	1.00007	-8.25756e-07	4.62324e-11	4.27927e-08	1.99948	0.000666004	
0.0133	1.00007	-8.28937e-07	4.67681e-11	4.29575e-08	1.99948	0.000668534	
0.01335	1.00007	-8.32117e-07	4.73079e-11	4.31223e-08	1.99948	0.000671065	
0.0134	1.00007	-8.35297e-07	4.78517e-11	4.32871e-08	1.99948	0.000673595	
0.01345	1.00007	-8.38477e-07	4.83997e-11	4.34519e-08	1.99948	0.000676126	
0.0135	1.00007	-8.41658e-07	4.89519e-11	4.36167e-08	1.99948	0.000678657	
0.01355	1.00007	-8.44838e-07	4.95082e-11	4.37815e-08	1.99948	0.000681187	
0.0136	1.00007	-8.48018e-07	5.00686e-11	4.39464e-08	1.99948	0.000683718	
0.01365	1.00007	-8.51198e-07	5.06333e-11	4.41112e-08	1.99948	0.000686248	
0.0137	1.00007	-8.54379e-07	5.12021e-11	4.4276e-08	1.99948	0.000688779	
0.01375	1.00007	-8.57559e-07	5.17752e-11	4.44408e-08	1.99948	0.000691309	
0.0138	1.00007	-8.60739e-07	5.23525e-11	4.46056e-08	1.99948	0.00069384	
0.01385	1.00007	-8.63919e-07	5.29341e-11	4.47704e-08	1.99948	0.00069637	
0.0139	1.00007	-8.67099e-07	5.35199e-11	4.49352e-08	1.99948	0.000698901	
0.01395	1.00007	-8.70279e-07	5.41101e-11	4.51e-08	1.99948	0.000701431	
0.014	1.00007	-8.7346e-07	5.47045e-11	4.52648e-08	1.99948	0.000703962	
0.01405	1.00007	-8.7664e-07	5.53032e-11	4.54296e-08	1.99948	0.000706492	
0.0141	1.00007	-8.7982e-07	5.59063e-11	4.55944e-08	1.99948	0.000709022	
0.01415	1.00007	-8.83e-07	5.65137e-11	4.57592e-08	1.99948	0.000711553	
0.0142	1.00007	-8.8618e-07	5.71254e-11	4.5924e-08	1.99948	0.000714083	
0.01425	1.00007	-8.8936e-07	5.77415e-11	4.60888e-08	1.99948	0.000716614	
0.0143	1.00007	-8.9254e-07	5.83621e-11	4.62536e-08	1.99948	0.000719144	
0.01435	1.00007	-8.9572e-07	5.8987e-11	4.64184e-08	1.99948	0.000721675	
0.0144	1.00007	-8.98901e-07	5.96163e-11	4.65832e-08	1.99948	0.000724205	
0.01445	1.00007	-9.02081e-07	6.02501e-11	4.6748e-08	1.99948	0.000726735	
0.0145	1.00007	-9.05261e-07	6.08884e-11	4.69128e-08	1.99948	0.000729266	
0.01455	1.00007	-9.08441e-07	6.15311e-11	4.70776e-08	1.99948	0.000731796	
0.0146	1.00007	-9.11621e-07	6.21782e-11	4.72424e-08	1.99948	0.000734327	
0.01465	1.00007	-9.14801e-07	6.28299e-11	4.74072e-08	1.99948	0.000736857	
0.0147	1.00007	-9.17981e-07	6.34861e-11	4.7572e-08	1.99948	0.000739387	
0.01475	1.00007	-9.21161e-07	6.41469e-11	4.77368e-08	1.99948	0.000741918	
0.0148	1.00007	-9.24341e-07	6.48121e-11	4.79016e-08	1.99948	0.000744448	
0.01485	1.00007	-9.27521e-07	6.5482e-11	4.80664e-08	1.99948	0.000746978	
0.0149	1.00007	-9.30701e-07	6.61564e-11	4.82312e-08	1.99948	0.000749509	
0.01495	1.00007	-9.33881e-07	6.68354e-11	4.8396e-08	1.99948	0.000752039	
0.015	1.00007	-9.37061e-07	6.7519e-11	4.85608e-08	1.99948	0.000754569	
0.01505	1.00007	-9.40241e-07	6.82072e-11	4.87256e-08	1.99948	0.0007571	
0.0151	1.00007	-9.43421e-07	6.89001e-11	4.88904e-08	1.99948	0.00075963	
0.01515	1.00007	-9.46601e-07	6.95976e-11	4.90552e-08	1.99948	0.00076216	
0.0152	1.00007	-9.49781e-07	7.02998e-11	4.92199e-08	1.99948	0.000764691	
0.01525	1.00007	-9.52961e-07	7.10067e-11	4.93847e-08	1.99948	0.000767221	
0.0153	1.00007	-9.56141e-07	7.17182e-11	4.95495e-08	1.99948	0.000769751	
0.01535	1.00007	-9.59321e-07	7.24345e-11	4.97143e-08	1.99948	0.000772281	
0.0154	1.00007	-9.62501e-07	7.31555e-11	4.98791e-08	1.99948	0.000774812	
0.01545	1.00007	-9.6568e-07	7.38813e-11	5.00439e-08	1.99948	0.000777342	
0.0155	1.00007	-9.6886e-07	7.46118e-11	5.02087e-08	1.99948	0.000779872	
0.01555	1.00007	-9.7204e-07	7.53471e-11	5.03735e-08	1.99948	0.000782402	
0.0156	1.00007	-9.7522e-07	7.60872e-11	5.05383e-08	1.99948	0.000784933	
0.01565	1.00007	-9.784e-07	7.68321e-11	5.07031e-08	1.99948	0.000787463	
0.0157	1.00007	-9.8158e-07	7.75819e-11	5.08678e-08	1.99948	0.000789993	
0.01575	1.00007	-9.8476e-07	7.83364e-11	5.10326e-08	1.99948	0.000792523	
0.0158	1.00007	-9.8794e-07	7.90959e-11	5.11974e-08	1.99948	0.000795053	
0.01585	1.00007	-9.91119e-07	7.98602e-11	5.13622e-08	1.99948	0.000797583	
0.0159	1.00007	-9.94299e-07	8.06293e-11	5.1527e-08	1.99948	0.000800114	
0.01595	1.00007	-9.97479e-07	8.14034e-11	5.16918e-08	1.99948	0.000802644	
0.016	1.00007	-1.00066e-06	8.21824e-11	5.18566e-08	1.99948	0.000805174	
0.01605	1.00007	-1.00384e-06	8.29663e-11	5.20214e-08	1.99948	0.000807704	
0.0161	1.00007	-1.00702e-06	8.37552e-11	5.21861e-08	1.99948	0.000810234	
0.01615	1.00007	-1.0102e-06	8.4549e-11	5.23509e-08	1.99948	0.000812764	
0.0162	1.00007	-1.01338e-06	8.53479e-11	5.25157e-08	1.99948	0.000815295	
0.01625	1.00007	-1.01656e-06	8.61517e-11	5.26805e-08	1.99948	0.000817825	
0.0163	1.00007	-1.01974e-06	8.69605e-11	5.28453e-08	1.99948	0.000820355	
0.01635	1.00007	-1.02292e-06	8.77743e-11	5.30101e-08	1.99948	0.000822885	
0.0164	1.00007	-1.0261e-06	8.85932e-11	5.31748e-08	1.99948	0.000825415	
0.01645	1.00007	-1.02928e-06	8.94172e-11	5.33396e-08	1.99948	0.000827945	
0.0165	1.00007	-1.03246e-06	9.02462e-11	5.35044e-08	1.99948	0.000830475	
0.01655	1.00007	-1.03564e-06	9.10803e-11	5.36692e-08	1.99948	0.000833005	
0.0166	1.00007	-1.03882e-06	9.19195e-11	5.3834e-08	1.99948	0.000835535	
0.01665	1.00007	-1.042e-06	9.27638e-11	5.39987e-08	1.99948	0.000838065	
0.0167	1.00007	-1.04518e-06	9.36132e-11	5.41635e-08	1.99948	0.000840595	
0.01675	1.00007	-1.04835e-06	9.44678e-11	5.43283e-08	1.99948	0.000843125	
0.0168	1.00007	-1.05153e-06	9.53276e-11	5.44931e-08	1.99948	0.000845655	
0.01685	1.00007	-1.05471e-06	9.61925e-11	5.46578e-08	1.99948	0.000848185	
0.0169	1.00007	-1.05789e-06	9.70627e-11	5.48226e-08	1.99948	0.000850715	
0.01695	1.00007	-1.06107e-06	9.7938e-11	5.49874e-08	1.99948	0.000853245	
0.017	1.00007	-1.06425e-06	9.88186e-11	5.51522e-08	1.99948	0.000855775	
0.01705	1.00007	-1.06743e-06	9.97044e-11	5.5317e-08	1.99948	0.000858305	
0.0171	1.00007	-1.07061e-06	1.00595e-10	5.54817e-08	1.99948	0.000860835	
0.01715	1.00007	-1.07379e-06	1.01492e-10	5.56465e-08	1.99948	0.000863365	
0.0172	1.00007	-1.07697e-06	1.02393e-10	5.58113e-08	1.99948	0.000865895	
0.01725	1.00007	-1.08015e-06	1.033e-10	5.5976e-08	1.99948	0.000868425	
0.0173	1.00007	-1.08333e-06	1.04213e-10	5.61408e-08	1.99948	0.000870955	
0.01735	1.00007	-1.08651e-06	1.0513e-10	5.63056e-08	1.99948	0.000873485	
0.0174	1.00007	-1.08969e-06	1.06053e-10	5.64704e-08	1.99948	0.000876015	
0.01745	1.00007	-1.09287e-06	1.06981e-10	5.66351e-08	1.99948	0.000878545	
0.0175	1.00007	-1.09605e-06	1.07915e-10	5.67999e-08	1.99948	0.000881075	
0.01755	1.00007	-1.09923e-06	1.08854e-10	5.69647e-08	1.99948	0.000883605	
0.0176	1.00007	-1.10241e-06	1.09799e-10	5.71295e-08	1.99948	0.000886135	
0.01765	1.00007	-1.10559e-06	1.10749e-10	5.72942e-08	1.99948	0.000888665	
0.0177	1.00007	-1.10877e-06	1.11704e-10	5.7459e-08	1.99948	0.000891194	
0.01775	1.00007	-1.11195e-06	1.12665e-10	5.76238e-08	1.99948	0.000893724	
0.0178	1.00007	-1.11513e-06	1.13631e-10	5.77885e-08	1.99948	0.000896254	
0.01785	1.00007	-1.11831e-06	1.14603e-10	5.79533e-08	1.99948	0.000898784	
0.0179	1.00007	-1.12148e-06	1.1558e-10	5.81181e-08	1.99948	0.000901314	
0.01795	1.00007	-1.12466e-06	1.16563e-10	5.82828e-08	1.99948	0.000903844	
0.018	1.00007	-1.12784e-06	1.17551e-10	5.84476e-08	1.99948	0.000906373	
0.01805	1.00007	-1.13102e-06	1.18545e-10	5.86124e-08	1.99948	0.000908903	
0.0181	1.00007	-1.1342e-06	1.19545e-10	5.87771e-08	1.99948	0.000911433	
0.01815	1.00007	-1.13738e-06	1.2055e-10	5.89419e-08	1.99948	0.000913963	
0.0182	1.00007	-1.14056e-06	1.2156e-10	5.91067e-08	1.99948	0.000916493	
0.01825	1.00007	-1.14374e-06	1.22577e-10	5.92714e-08	1.99948	0.000919022	
0.0183	1.00007	-1.14692e-06	1.23599e-10	5.94362e-08	1.99948	0.000921552	
0.01835	1.00007	-1.1501e-06	1.24626e-10	5.96009e-08	1.99948	0.000924082	
0.0184	1.00007	-1.15328e-06	1.25659e-10	5.97657e-08	1.99948	0.000926612	
0.01845	1.00007	-1.15646e-06	1.26698e-10	5.99305e-08	1.99948	0.000929142	
0.0185	1.00007	-1.15964e-06	1.27743e-10	6.00952e-08	1.99948	0.000931671	
0.01855	1.00007	-1.16282e-06	1.28793e-10	6.026e-08	1.99948	0.000934201	
0.0186	1.00007	-1.166e-06	1.29849e-10	6.04248e-08	1.99948	0.000936731	
0.01865	1.00007	-1.16918e-06	1.30911e-10	6.05895e-08	1.99948	0.00093926	
0.0187	1.00007	-1.17235e-06	1.31978e-10	6.07543e-08	1.99948	0.00094179	
0.01875	1.00007	-1.17553e-06	1.33051e-10	6.0919e-08	1.99948	0.00094432	
0.0188	1.00007	-1.17871e-06	1.3413e-10	6.10838e-08	1.99948	0.00094685	
0.01885	1.00007	-1.18189e-06	1.35215e-10	6.12485e-08	1.99948	0.000949379	
0.0189	1.00007	-1.18507e-06	1.36306e-10	6.14133e-08	1.99948	0.000951909	
0.01895	1.00007	-1.18825e-06	1.37402e-10	6.15781e-08	1.99948	0.000954439	
0.019	1.00007	-1.19143e-06	1.38504e-10	6.17428e-08	1.99948	0.000956968	
0.01905	1.00007	-1.19461e-06	1.39613e-10	6.19076e-08	1.99948	0.000959498	
0.0191	1.00007	-1.19779e-06	1.40727e-10	6.20723e-08	1.99948	0.000962027	
0.01915	1.00007	-1.20097e-06	1.41847e-10	6.22371e-08	1.99948	0.000964557	
0.0192	1.00007	-1.20415e-06	1.42972e-10	6.24018e-08	1.99948	0.000967087	
0.01925	1.00007	-1.20733e-06	1.44104e-10	6.25666e-08	1.99948	0.000969616	
0.0193	1.00007	-1.21051e-06	1.45242e-10	6.27313e-08	1.99948	0.000972146	
0.01935	1.00007	-1.21369e-06	1.46386e-10	6.28961e-08	1.99948	0.000974676	
0.0194	1.00007	-1.21686e-06	1.47535e-10	6.30609e-08	1.99948	0.000977205	
0.01945	1.00007	-1.22004e-06	1.48691e-10	6.32256e-08	1.99948	0.000979735	
0.0195	1.00007	-1.22322e-06	1.49852e-10	6.33904e-08	1.99948	0.000982264	
0.01955	1.00007	-1.2264e-06	1.5102e-10	6.35551e-08	1.99948	0.000984794	
0.0196	1.00007	-1.22958e-06	1.52194e-10	6.37199e-08	1.99948	0.000987323